B00, 100
B00, Trade, 258673.350, 105, B00, S25, 1
B00, Trade, 258677.717, 93, B00, S10, 1
B00, Trade, 258681.617, 135, B00, S20, 1
B00, Trade, 258688.200, 140, B00, S23, 1
B00, Trade, 258688.717, 140, B00, S26, 1
B00, Trade, 258701.433, 99, B00, S13, 1
B00, Trade, 258705.967, 120, B00, S12, 1
B00, Trade, 258711.450, 120, B00, S13, 1
B00, Trade, 258716.750, 116, B00, S02, 1
B00, Trade, 258721.483, 108, B00, S27, 1
B00, Trade, 258726.750, 140, B00, S19, 1
B00, Trade, 258731.750, 92, B00, S27, 1
B00, Trade, 258735.983, 67, B00, S19, 1
B00, Trade, 258742.183, 119, B00, S22, 1
B00, Trade, 258749.017, 113, B00, S10, 1
B00, Trade, 258754.483, 140, B00, S16, 1
B00, Trade, 258756.333, 105, B00, S22, 1
B00, Trade, 258763.683, 125, B00, S10, 1
B00, Trade, 258764.817, 140, B00, S28, 1
B00, Trade, 258773.417, 109, B00, S22, 1
B00, Trade, 258778.683, 140, B00, S22, 1
B00, Trade, 258784.167, 107, B00, S25, 1
B00, Trade, 258790.833, 103, B00, S12, 1
B00, Trade, 258796.933, 124, B00, S12, 1
B00, Trade, 258804.000, 104, B00, S05, 1
B00, Trade, 258807.717, 112, B00, S10, 1
B00, Trade, 258813.183, 133, B00, S06, 1
B00, Trade, 258818.033, 140, B00, S12, 1
B00, Trade, 258821.483, 122, B00, S00, 1
B00, Trade, 258829.200, 125, B00, S19, 1
B00, Trade, 258832.850, 139, S24, B00, 1
B00, Trade, 258836.500, 120, B00, S17, 1
B00, Trade, 258843.550, 100, B00, S06, 1
B00, Trade, 258847.983, 111, B00, S12, 1
B00, Trade, 258852.933, 79, B00, S04, 1
B00, Trade, 258857.817, 97, B00, S15, 1
B00, Trade, 258865.250, 76, B00, S23, 1
B00, Trade, 258870.783, 116, B00, S02, 1
B00, Trade, 258875.933, 84, B00, S13, 1
B00, Trade, 258876.883, 114, B00, S12, 1
B00, Trade, 258881.900, 133, B00, S09, 1
B00, Trade, 258885.833, 115, B00, S06, 1
B00, Trade, 258893.450, 140, B00, S10, 1
B00, Trade, 258898.017, 113, B00, S25, 1
B00, Trade, 258904.383, 122, B00, S06, 1
B00, Trade, 258908.133, 101, B00, S04, 1
B00, Trade, 258913.483, 129, B00, S17, 1
B00, Trade, 258920.333, 126, B00, S13, 1
B00, Trade, 258924.750, 135, B00, S04, 1
B00, Trade, 258927.467, 110, B00, S10, 1
B00, Trade, 258935.750, 110, B00, S22, 1
B00, Trade, 258938.650, 110, B00, S19, 1
B00, Trade, 258944.400, 114, B00, S18, 1
B00, Trade, 258949.717, 101, B00, S17, 1
B00, Trade, 258954.967, 98, B00, S10, 1
B00, Trade, 258960.883, 117, B00, S02, 1
B00, Trade, 258963.417, 131, B00, S26, 1
B00, Trade, 258971.800, 140, B00, S18, 1
B00, Trade, 258980.483, 90, B00, S29, 1
B00, Trade, 258983.533, 137, B00, S10, 1
B00, Trade, 258989.117, 132, B00, S18, 1
B00, Trade, 258995.467, 108, B00, S02, 1
B00, Trade, 259000.250, 113, B00, S02, 1
B00, Trade, 259008.217, 140, B00, S16, 1
B00, Trade, 259011.950, 102, B00, S10, 1
B00, Trade, 259016.917, 118, B00, S20, 1
B00, Trade, 259027.217, 138, S08, B00, 1
B00, Trade, 259031.133, 140, B00, S15, 1
B00, Trade, 259034.533, 111, B00, S26, 1
B00, Trade, 259036.750, 131, B00, S26, 1
B00, Trade, 259044.333, 140, B00, S22, 1
B00, Trade, 259051.533, 129, B00, S05, 1
B00, Trade, 259053.550, 129, B00, S26, 1
B00, Trade, 259058.667, 140, S07, B00, 1
B00, Trade, 259065.200, 134, B00, S19, 1
B00, Trade, 259070.417, 115, B00, S29, 1
B00, Trade, 259071.900, 135, S07, B00, 1
B00, Trade, 259080.633, 102, B00, S06, 1
B00, Trade, 259083.967, 137, B00, S04, 1
B00, Trade, 259089.150, 132, B00, S26, 1
B00, Trade, 259092.917, 114, B00, S15, 1
B00, Trade, 259102.350, 83, B00, S13, 1
B00, Trade, 259105.800, 136, B00, S04, 1
B00, Trade, 259108.317, 139, B00, S03, 1
B00, Trade, 259116.300, 118, B00, S20, 1
B00, Trade, 259117.833, 132, B00, S19, 1
B00, Trade, 259122.283, 115, B00, S23, 1
B00, Trade, 259131.050, 135, B00, S13, 1
B00, Trade, 259133.283, 125, B00, S02, 1
B00, Trade, 259141.667, 114, B00, S04, 1
B00, Trade, 259144.433, 75, S16, B00, 1
B00, Trade, 259153.317, 140, B00, S12, 1
B00, Trade, 259161.017, 136, B00, S08, 1
B00, Trade, 259163.483, 91, B00, S09, 1
B00, Trade, 259173.433, 99, B00, S12, 1
B00, Trade, 259175.850, 110, B00, S06, 1
B00, Trade, 259178.333, 100, B00, S19, 1
B00, Trade, 259182.200, 100, B00, S26, 1
B00, Trade, 259191.467, 112, B00, S18, 1
B00, Trade, 259197.100, 140, B00, S29, 1
B01, 100
B01, Trade, 258682.850, 140, B01, S12, 1
B01, Trade, 258684.633, 140, B01, S14, 1
B01, Trade, 258692.817, 131, S24, B01, 1
B01, Trade, 258697.367, 135, S07, B01, 1
B01, Trade, 258704.367, 137, S24, B01, 1
B01, Trade, 258705.833, 140, B01, S11, 1
B01, Trade, 258710.483, 138, B01, S14, 1
B01, Trade, 258716.700, 131, S16, B01, 1
B01, Trade, 258723.767, 140, B01, S21, 1
B01, Trade, 258727.517, 138, S14, B01, 1
B01, Trade, 258731.433, 103, S07, B01, 1
B01, Trade, 258739.050, 140, B01, S02, 1
B01, Trade, 258742.817, 135, S03, B01, 1
B01, Trade, 258750.550, 135, B01, S12, 1
B01, Trade, 258754.283, 140, B01, S10, 1
B01, Trade, 258761.033, 96, S25, B01, 1
B01, Trade, 258766.117, 120, S11, B01, 1
B01, Trade, 258775.483, 140, B01, S11, 1
B01, Trade, 258776.600, 140, S03, B01, 1
B01, Trade, 258782.600, 138, S08, B01, 1
B01, Trade, 258788.417, 132, S01, B01, 1
B01, Trade, 258791.767, 123, S01, B01, 1
B01, Trade, 258798.133, 139, B01, S02, 1
B01, Trade, 258808.033, 115, S08, B01, 1
B01, Trade, 258809.517, 134, S07, B01, 1
B01, Trade, 258818.383, 140, B01, S17, 1
B01, Trade, 258824.967, 84, S15, B01, 1
B01, Trade, 258828.550, 140, B01, S17, 1
B01, Trade, 258831.350, 139, B01, S23, 1
B01, Trade, 258836.550, 132, S07, B01, 1
B01, Trade, 258842.150, 96, S17, B01, 1
B01, Trade, 258848.633, 129, S14, B01, 1
B01, Trade, 258850.567, 127, S07, B01, 1
B01, Trade, 258859.533, 132, S03, B01, 1
B01, Trade, 258863.017, 127, S07, B01, 1
B01, Trade, 258868.233, 132, S14, B01, 1
B01, Trade, 258871.933, 137, B01, S27, 1
B01, Trade, 258880.200, 121, S01, B01, 1
B01, Trade, 258885.333, 140, B01, S15, 1
B01, Trade, 258888.133, 138, S08, B01, 1
B01, Trade, 258893.867, 140, B01, S20, 1
B01, Trade, 258897.417, 133, S16, B01, 1
B01, Trade, 258905.550, 132, S24, B01, 1
B01, Trade, 258909.167, 137, B01, S02, 1
B01, Trade, 258910.833, 138, B01, S16, 1
B01, Trade, 258916.300, 130, S24, B01, 1
B01, Trade, 258921.700, 135, S28, B01, 1
B01, Trade, 258927.000, 123, S29, B01, 1
B01, Trade, 258931.800, 137, B01, S26, 1
B01, Trade, 258939.917, 140, B01, S02, 1
B01, Trade, 258942.350, 139, B01, S13, 1
B01, Trade, 258948.067, 130, S16, B01, 1
B01, Trade, 258953.117, 140, B01, S20, 1
B01, Trade, 258956.833, 140, B01, S21, 1
B01, Trade, 258962.150, 132, S16, B01, 1
B01, Trade, 258967.383, 111, S07, B01, 1
B01, Trade, 258970.483, 101, S24, B01, 1
B01, Trade, 258980.200, 106, S23, B01, 1
B01, Trade, 258985.517, 138, B01, S13, 1
B01, Trade, 258992.000, 137, B01, S18, 1
B01, Trade, 258995.100, 133, S07, B01, 1
B01, Trade, 258997.083, 136, S08, B01, 1
B01, Trade, 259005.850, 140, B01, S23, 1
B01, Trade, 259008.233, 139, B01, S13, 1
B01, Trade, 259013.933, 129, S03, B01, 1
B01, Trade, 259018.350, 88, S29, B01, 1
B01, Trade, 259022.917, 137, S24, B01, 1
B01, Trade, 259026.650, 138, S03, B01, 1
B01, Trade, 259034.167, 129, S08, B01, 1
B01, Trade, 259037.900, 139, B01, S17, 1
B01, Trade, 259044.850, 140, S16, B01, 1
B01, Trade, 259049.050, 127, S05, B01, 1
B01, Trade, 259055.067, 133, S03, B01, 1
B01, Trade, 259059.783, 137, B01, S20, 1
B01, Trade, 259061.967, 139, B01, S27, 1
B01, Trade, 259068.633, 109, S07, B01, 1
B01, Trade, 259075.433, 135, S08, B01, 1
B01, Trade, 259076.533, 120, S24, B01, 1
B01, Trade, 259081.417, 134, S03, B01, 1
B01, Trade, 259088.633, 139, B01, S29, 1
B01, Trade, 259095.817, 126, S08, B01, 1
B01, Trade, 259096.233, 133, S22, B01, 1
B01, Trade, 259104.167, 140, B01, S22, 1
B01, Trade, 259110.650, 138, B01, S25, 1
B01, Trade, 259113.967, 131, S29, B01, 1
B01, Trade, 259116.633, 138, S03, B01, 1
B01, Trade, 259124.317, 138, B01, S25, 1
B01, Trade, 259129.750, 139, B01, S27, 1
B01, Trade, 259134.933, 132, S16, B01, 1
B01, Trade, 259138.400, 140, B01, S08, 1
B01, Trade, 259144.567, 76, S24, B01, 1
B01, Trade, 259151.333, 140, B01, S04, 1
B01, Trade, 259157.883, 119, S15, B01, 1
B01, Trade, 259165.700, 140, B01, S04, 1
B01, Trade, 259170.100, 126, S09, B01, 1
B01, Trade, 259176.117, 122, S24, B01, 1
B01, Trade, 259177.917, 119, S03, B01, 1
B01, Trade, 259183.500, 123, S00, B01, 1
B01, Trade, 259191.683, 140, B01, S05, 1
B01, Trade, 259197.583, 139, B01, S27, 1
B02, 100
B02, Trade, 258627.417, 125, B02, S04, 1
B02, Trade, 258631.667, 123, S03, B02, 1
B02, Trade, 258635.533, 117, S16, B02, 1
B02, Trade, 258641.517, 137, B02, S23, 1
B02, Trade, 258649.100, 121, B02, S22, 1
B02, Trade, 258658.967, 134, B02, S26, 1
B02, Trade, 258663.033, 99, S07, B02, 1
B02, Trade, 258666.467, 132, B02, S12, 1
B02, Trade, 258669.750, 60, S13, B02, 1
B02, Trade, 258677.083, 95, S17, B02, 1
B02, Trade, 258683.400, 132, B02, S25, 1
B02, Trade, 258685.833, 133, B02, S21, 1
B02, Trade, 258691.833, 69, S03, B02, 1
B02, Trade, 258700.900, 139, B02, S25, 1
B02, Trade, 258707.650, 107, B02, S14, 1
B02, Trade, 258711.283, 136, B02, S12, 1
B02, Trade, 258716.200, 127, B02, S26, 1
B02, Trade, 258720.817, 121, B02, S19, 1
B02, Trade, 258728.967, 129, B02, S10, 1
B02, Trade, 258735.100, 135, S08, B02, 1
B02, Trade, 258741.167, 112, S07, B02, 1
B02, Trade, 258746.000, 132, S16, B02, 1
B02, Trade, 258753.033, 121, B02, S19, 1
B02, Trade, 258760.067, 97, S03, B02, 1
B02, Trade, 258761.750, 107, B02, S04, 1
B02, Trade, 258766.183, 110, B02, S04, 1
B02, Trade, 258772.217, 113, B02, S17, 1
B02, Trade, 258782.000, 114, B02, S04, 1
B02, Trade, 258787.200, 130, S08, B02, 1
B02, Trade, 258793.167, 136, B02, S12, 1
B02, Trade, 258796.750, 135, S03, B02, 1
B02, Trade, 258800.433, 138, B02, S09, 1
B02, Trade, 258810.217, 135, S24, B02, 1
B02, Trade, 258814.717, 92, S03, B02, 1
B02, Trade, 258822.883, 119, B02, S12, 1
B02, Trade, 258830.650, 131, S07, B02, 1
B02, Trade, 258833.050, 138, B02, S18, 1
B02, Trade, 258839.883, 131, B02, S23, 1
B02, Trade, 258844.300, 127, B02, S28, 1
B02, Trade, 258852.900, 106, S08, B02, 1
B02, Trade, 258858.717, 128, B02, S07, 1
B02, Trade, 258860.583, 126, S25, B02, 1
B02, Trade, 258869.383, 128, B02, S24, 1
B02, Trade, 258873.050, 136, B02, S17, 1
B02, Trade, 258880.083, 106, S25, B02, 1
B02, Trade, 258882.183, 134, B02, S26, 1
B02, Trade, 258890.817, 119, B02, S06, 1
B02, Trade, 258892.233, 115, B02, S26, 1
B02, Trade, 258895.633, 129, B02, S19, 1
B02, Trade, 258906.750, 108, B02, S10, 1
B02, Trade, 258911.400, 102, B02, S24, 1
B02, Trade, 258925.650, 133, S03, B02, 1
B02, Trade, 258930.433, 115, B02, S20, 1
B02, Trade, 258937.050, 123, B02, S13, 1
B02, Trade, 258944.617, 125, S08, B02, 1
B02, Trade, 258949.817, 97, B02, S22, 1
B02, Trade, 258951.183, 99, B02, S09, 1
B02, Trade, 258957.800, 128, B02, S24, 1
B02, Trade, 258964.067, 137, B02, S11, 1
B02, Trade, 258968.833, 79, S01, B02, 1
B02, Trade, 258974.517, 135, B02, S23, 1
B02, Trade, 258980.300, 116, S01, B02, 1
B02, Trade, 258989.633, 138, S03, B02, 1
B02, Trade, 258997.000, 113, S01, B02, 1
B02, Trade, 259001.450, 120, B02, S26, 1
B02, Trade, 259010.567, 127, B02, S25, 1
B02, Trade, 259012.133, 105, B02, S19, 1
B02, Trade, 259015.900, 111, B02, S14, 1
B02, Trade, 259021.667, 134, B02, S25, 1
B02, Trade, 259032.667, 123, S19, B02, 1
B02, Trade, 259034.750, 107, B02, S02, 1
B02, Trade, 259036.950, 130, B02, S06, 1
B02, Trade, 259042.450, 89, B02, S29, 1
B02, Trade, 259049.483, 131, S08, B02, 1
B02, Trade, 259054.583, 135, B02, S12, 1
B02, Trade, 259057.100, 127, B02, S25, 1
B02, Trade, 259066.833, 131, S08, B02, 1
B02, Trade, 259069.617, 127, B02, S27, 1
B02, Trade, 259077.267, 107, B02, S13, 1
B02, Trade, 259083.567, 118, S17, B02, 1
B02, Trade, 259089.817, 131, B02, S18, 1
B02, Trade, 259095.117, 125, S03, B02, 1
B02, Trade, 259099.600, 124, B02, S05, 1
B02, Trade, 259110.083, 133, B02, S20, 1
B02, Trade, 259113.050, 112, B02, S12, 1
B02, Trade, 259122.817, 121, B02, S27, 1
B02, Trade, 259125.467, 135, B02, S04, 1
B02, Trade, 259131.200, 135, B02, S21, 1
B02, Trade, 259131.817, 135, B02, S07, 1
B02, Trade, 259141.783, 113, B02, S03, 1
B02, Trade, 259142.317, 124, S01, B02, 1
B02, Trade, 259157.450, 114, S07, B02, 1
B02, Trade, 259157.733, 115, S08, B02, 1
B02, Trade, 259166.417, 138, B02, S12, 1
B02, Trade, 259170.750, 123, B02, S10, 1
B02, Trade, 259176.767, 119, B02, S21, 1
B02, Trade, 259180.283, 113, B02, S12, 1
B02, Trade, 259183.933, 115, S16, B02, 1
B02, Trade, 259189.450, 135, B02, S09, 1
B02, Trade, 259196.100, 123, S15, B02, 1
B03, 100
B03, Trade, 258684.067, 140, B03, S10, 1
B03, Trade, 258686.000, 134, S11, B03, 1
B03, Trade, 258690.967, 80, B03, S05, 1
B03, Trade, 258699.067, 127, B03, S17, 1
B03, Trade, 258704.733, 131, B03, S25, 1
B03, Trade, 258707.800, 117, S17, B03, 1
B03, Trade, 258708.900, 130, S16, B03, 1
B03, Trade, 258718.567, 124, S07, B03, 1
B03, Trade, 258723.350, 126, S05, B03, 1
B03, Trade, 258727.783, 139, S16, B03, 1
B03, Trade, 258734.633, 129, S09, B03, 1
B03, Trade, 258738.100, 139, B03, S05, 1
B03, Trade, 258739.383, 131, B03, S14, 1
B03, Trade, 258751.133, 125, B03, S04, 1
B03, Trade, 258752.800, 134, S03, B03, 1
B03, Trade, 258758.133, 107, S24, B03, 1
B03, Trade, 258760.300, 98, S29, B03, 1
B03, Trade, 258768.067, 139, B03, S26, 1
B03, Trade, 258770.167, 134, S03, B03, 1
B03, Trade, 258776.867, 139, B03, S13, 1
B03, Trade, 258785.567, 121, S24, B03, 1
B03, Trade, 258789.067, 140, B03, S19, 1
B03, Trade, 258791.650, 122, S03, B03, 1
B03, Trade, 258794.650, 133, B03, S09, 1
B03, Trade, 258800.150, 133, B03, S15, 1
B03, Trade, 258810.400, 105, B03, S21, 1
B03, Trade, 258812.350, 133, S16, B03, 1
B03, Trade, 258818.933, 127, B03, S04, 1
B03, Trade, 258822.633, 128, S16, B03, 1
B03, Trade, 258825.717, 110, S22, B03, 1
B03, Trade, 258833.883, 138, B03, S04, 1
B03, Trade, 258838.617, 128, S03, B03, 1
B03, Trade, 258843.117, 115, S05, B03, 1
B03, Trade, 258849.100, 124, B03, S15, 1
B03, Trade, 258852.517, 83, B03, S17, 1
B03, Trade, 258857.233, 117, S16, B03, 1
B03, Trade, 258864.817, 130, S03, B03, 1
B03, Trade, 258866.717, 133, S07, B03, 1
B03, Trade, 258874.600, 137, S16, B03, 1
B03, Trade, 258876.750, 118, S24, B03, 1
B03, Trade, 258883.317, 134, B03, S19, 1
B03, Trade, 258889.167, 132, S03, B03, 1
B03, Trade, 258894.050, 139, B03, S15, 1
B03, Trade, 258896.367, 135, S24, B03, 1
B03, Trade, 258903.133, 132, B03, S15, 1
B03, Trade, 258905.700, 133, S03, B03, 1
B03, Trade, 258913.500, 108, B03, S23, 1
B03, Trade, 258919.417, 123, S23, B03, 1
B03, Trade, 258922.467, 138, B03, S18, 1
B03, Trade, 258929.933, 123, B03, S21, 1
B03, Trade, 258930.300, 130, S24, B03, 1
B03, Trade, 258939.200, 124, S25, B03, 1
B03, Trade, 258944.117, 123, S29, B03, 1
B03, Trade, 258947.950, 124, B03, S21, 1
B03, Trade, 258952.617, 124, B03, S06, 1
B03, Trade, 258955.233, 133, S16, B03, 1
B03, Trade, 258967.300, 88, S22, B03, 1
B03, Trade, 258971.817, 140, B03, S10, 1
B03, Trade, 258978.133, 63, S12, B03, 1
B03, Trade, 258983.300, 135, B03, S19, 1
B03, Trade, 258994.133, 124, B03, S26, 1
B03, Trade, 258994.933, 131, S24, B03, 1
B03, Trade, 258996.917, 97, S16, B03, 1
B03, Trade, 259008.800, 139, B03, S14, 1
B03, Trade, 259015.217, 127, S08, B03, 1
B03, Trade, 259021.750, 137, S16, B03, 1
B03, Trade, 259031.217, 137, B03, S14, 1
B03, Trade, 259034.900, 118, B03, S20, 1
B03, Trade, 259040.433, 136, S08, B03, 1
B03, Trade, 259045.650, 128, B03, S10, 1
B03, Trade, 259049.750, 131, S16, B03, 1
B03, Trade, 259052.117, 133, B03, S13, 1
B03, Trade, 259060.083, 138, B03, S15, 1
B03, Trade, 259065.500, 130, B03, S00, 1
B03, Trade, 259071.217, 137, B03, S13, 1
B03, Trade, 259075.467, 137, S23, B03, 1
B03, Trade, 259079.883, 134, S16, B03, 1
B03, Trade, 259086.517, 139, B03, S11, 1
B03, Trade, 259089.333, 131, B03, S02, 1
B03, Trade, 259095.733, 111, S24, B03, 1
B03, Trade, 259098.300, 71, S09, B03, 1
B03, Trade, 259105.583, 139, B03, S17, 1
B03, Trade, 259110.217, 137, S08, B03, 1
B03, Trade, 259112.750, 129, S08, B03, 1
B03, Trade, 259118.200, 139, B03, S21, 1
B03, Trade, 259122.767, 137, S03, B03, 1
B03, Trade, 259130.600, 133, B03, S06, 1
B03, Trade, 259134.100, 131, S07, B03, 1
B03, Trade, 259137.750, 140, B03, S10, 1
B03, Trade, 259145.383, 74, S12, B03, 1
B03, Trade, 259148.500, 137, B03, S12, 1
B03, Trade, 259153.650, 134, S05, B03, 1
B03, Trade, 259159.717, 121, B03, S27, 1
B03, Trade, 259164.917, 120, B03, S28, 1
B03, Trade, 259169.167, 133, B03, S00, 1
B03, Trade, 259175.950, 113, S15, B03, 1
B03, Trade, 259180.817, 117, B03, S09, 1
B03, Trade, 259187.400, 139, S11, B03, 1
B03, Trade, 259191.333, 135, B03, S23, 1
B03, Trade, 259196.400, 140, B03, S21, 1
B04, 100
B04, Trade, 258553.917, 115, B04, S13, 1
B04, Trade, 258560.750, 113, B04, S27, 1
B04, Trade, 258570.633, 133, B04, S14, 1
B04, Trade, 258574.467, 138, S24, B04, 1
B04, Trade, 258580.900, 121, S14, B04, 1
B04, Trade, 258586.617, 133, B04, S17, 1
B04, Trade, 258593.150, 136, S16, B04, 1
B04, Trade, 258600.217, 128, B04, S22, 1
B04, Trade, 258606.750, 134, S01, B04, 1
B04, Trade, 258610.667, 132, B04, S26, 1
B04, Trade, 258619.017, 122, S11, B04, 1
B04, Trade, 258624.350, 139, B04, S03, 1
B04, Trade, 258632.600, 114, S16, B04, 1
B04, Trade, 258637.300, 103, B04, S20, 1
B04, Trade, 258645.400, 136, B04, S19, 1
B04, Trade, 258648.933, 132, B04, S13, 1
B04, Trade, 258651.400, 130, B04, S23, 1
B04, Trade, 258661.433, 113, S23, B04, 1
B04, Trade, 258663.833, 99, B04, S02, 1
B04, Trade, 258670.533, 72, S05, B04, 1
B04, Trade, 258675.900, 117, S24, B04, 1
B04, Trade, 258681.233, 136, S07, B04, 1
B04, Trade, 258689.150, 130, B04, S02, 1
B04, Trade, 258690.517, 129, B04, S10, 1
B04, Trade, 258694.983, 124, B04, S27, 1
B04, Trade, 258701.267, 100, B04, S09, 1
B04, Trade, 258710.367, 138, B04, S23, 1
B04, Trade, 258714.250, 65, S25, B04, 1
B04, Trade, 258719.617, 131, S08, B04, 1
B04, Trade, 258722.900, 127, B04, S25, 1
B04, Trade, 258732.883, 103, S15, B04, 1
B04, Trade, 258736.233, 83, S24, B04, 1
B04, Trade, 258744.083, 129, B04, S19, 1
B04, Trade, 258752.400, 128, B04, S22, 1
B04, Trade, 258759.300, 72, B04, S02, 1
B04, Trade, 258770.567, 127, B04, S29, 1
B04, Trade, 258775.200, 130, B04, S04, 1
B04, Trade, 258778.783, 120, B04, S21, 1
B04, Trade, 258784.000, 112, B04, S02, 1
B04, Trade, 258785.633, 74, B04, S19, 1
B04, Trade, 258789.717, 132, S14, B04, 1
B04, Trade, 258798.500, 125, B04, S00, 1
B04, Trade, 258804.883, 135, B04, S12, 1
B04, Trade, 258810.500, 132, B04, S26, 1
B04, Trade, 258819.167, 126, B04, S27, 1
B04, Trade, 258823.700, 133, B04, S18, 1
B04, Trade, 258831.750, 122, B04, S28, 1
B04, Trade, 258835.233, 134, B04, S19, 1
B04, Trade, 258841.800, 100, S16, B04, 1
B04, Trade, 258845.783, 136, B04, S13, 1
B04, Trade, 258853.233, 107, S11, B04, 1
B04, Trade, 258856.867, 111, B04, S10, 1
B04, Trade, 258864.383, 96, S05, B04, 1
B04, Trade, 258870.550, 139, B04, S25, 1
B04, Trade, 258872.067, 120, B04, S13, 1
B04, Trade, 258874.817, 123, B04, S22, 1
B04, Trade, 258887.450, 110, B04, S04, 1
B04, Trade, 258891.333, 112, S08, B04, 1
B04, Trade, 258896.750, 133, B04, S26, 1
B04, Trade, 258899.717, 107, S24, B04, 1
B04, Trade, 258905.800, 132, B04, S27, 1
B04, Trade, 258916.867, 128, B04, S21, 1
B04, Trade, 258924.067, 129, B04, S23, 1
B04, Trade, 258928.700, 128, S07, B04, 1
B04, Trade, 258938.283, 129, S24, B04, 1
B04, Trade, 258946.350, 133, B04, S26, 1
B04, Trade, 258956.000, 125, B04, S04, 1
B04, Trade, 258959.250, 106, S19, B04, 1
B04, Trade, 258966.067, 110, S03, B04, 1
B04, Trade, 258972.883, 139, B04, S19, 1
B04, Trade, 258987.633, 131, B04, S25, 1
B04, Trade, 258988.383, 130, B04, S27, 1
B04, Trade, 258993.817, 126, B04, S15, 1
B04, Trade, 258998.267, 124, B04, S23, 1
B04, Trade, 259004.067, 60, S04, B04, 1
B04, Trade, 259011.833, 124, B04, S28, 1
B04, Trade, 259026.817, 138, B04, S27, 1
B04, Trade, 259032.600, 121, S03, B04, 1
B04, Trade, 259034.083, 122, B04, S06, 1
B04, Trade, 259041.450, 110, B04, S19, 1
B04, Trade, 259054.750, 134, B04, S17, 1
B04, Trade, 259060.883, 115, B04, S21, 1
B04, Trade, 259066.083, 113, B04, S23, 1
B04, Trade, 259070.833, 122, B04, S10, 1
B04, Trade, 259072.250, 133, B04, S27, 1
B04, Trade, 259083.317, 123, B04, S06, 1
B04, Trade, 259092.000, 133, S08, B04, 1
B04, Trade, 259096.633, 120, S19, B04, 1
B04, Trade, 259112.583, 127, S07, B04, 1
B04, Trade, 259115.917, 126, B04, S04, 1
B04, Trade, 259121.033, 136, S24, B04, 1
B04, Trade, 259133.600, 130, S03, B04, 1
B04, Trade, 259137.950, 129, B04, S27, 1
B04, Trade, 259143.900, 75, S07, B04, 1
B04, Trade, 259161.900, 133, B04, S24, 1
B04, Trade, 259169.550, 121, B04, S13, 1
B04, Trade, 259180.150, 118, B04, S20, 1
B04, Trade, 259184.533, 116, S24, B04, 1
B04, Trade, 259191.817, 101, B04, S25, 1
B04, Trade, 259194.800, 108, S01, B04, 1
B05, 100
B05, Trade, 258085.150, 99, B05, S12, 1
B05, Trade, 258087.383, 97, S22, B05, 1
B05, Trade, 258095.033, 124, B05, S11, 1
B05, Trade, 258136.600, 106, B05, S04, 1
B05, Trade, 258141.317, 134, B05, S03, 1
B05, Trade, 258150.950, 124, B05, S11, 1
B05, Trade, 258156.433, 112, B05, S04, 1
B05, Trade, 258166.833, 74, B05, S26, 1
B05, Trade, 258185.150, 97, B05, S28, 1
B05, Trade, 258204.667, 118, S08, B05, 1
B05, Trade, 258213.300, 69, B05, S02, 1
B05, Trade, 258224.833, 118, S16, B05, 1
B05, Trade, 258235.500, 126, B05, S27, 1
B05, Trade, 258261.267, 99, B05, S19, 1
B05, Trade, 258271.900, 88, B05, S02, 1
B05, Trade, 258277.217, 110, S03, B05, 1
B05, Trade, 258290.533, 115, B05, S10, 1
B05, Trade, 258317.417, 115, B05, S15, 1
B05, Trade, 258343.333, 125, B05, S26, 1
B05, Trade, 258374.583, 97, B05, S15, 1
B05, Trade, 258385.583, 94, B05, S04, 1
B05, Trade, 258400.617, 126, S24, B05, 1
B05, Trade, 258415.400, 108, B05, S12, 1
B05, Trade, 258426.533, 98, B05, S15, 1
B05, Trade, 258429.717, 119, B05, S09, 1
B05, Trade, 258435.800, 95, B05, S16, 1
B05, Trade, 258441.767, 127, B05, S13, 1
B05, Trade, 258452.533, 132, B05, S25, 1
B05, Trade, 258465.067, 113, B05, S04, 1
B05, Trade, 258480.333, 132, B05, S16, 1
B05, Trade, 258502.850, 89, B05, S21, 1
B05, Trade, 258505.667, 114, B05, S11, 1
B05, Trade, 258512.750, 128, B05, S00, 1
B05, Trade, 258518.550, 120, B05, S26, 1
B05, Trade, 258533.750, 110, B05, S19, 1
B05, Trade, 258541.450, 93, B05, S20, 1
B05, Trade, 258563.300, 73, B05, S17, 1
B05, Trade, 258582.100, 114, B05, S27, 1
B05, Trade, 258589.517, 96, S00, B05, 1
B05, Trade, 258600.833, 130, B05, S10, 1
B05, Trade, 258603.133, 128, B05, S19, 1
B05, Trade, 258604.700, 131, S16, B05, 1
B05, Trade, 258612.083, 130, B05, S17, 1
B05, Trade, 258616.667, 113, B05, S20, 1
B05, Trade, 258631.850, 65, B05, S04, 1
B05, Trade, 258644.633, 101, B05, S06, 1
B05, Trade, 258648.633, 103, B05, S26, 1
B05, Trade, 258654.533, 115, B05, S14, 1
B05, Trade, 258661.300, 110, S14, B05, 1
B05, Trade, 258666.333, 136, B05, S17, 1
B05, Trade, 258674.017, 106, B05, S04, 1
B05, Trade, 258711.050, 127, B05, S26, 1
B05, Trade, 258714.233, 64, S24, B05, 1
B05, Trade, 258724.900, 120, B05, S22, 1
B05, Trade, 258733.867, 125, B05, S13, 1
B05, Trade, 258745.883, 114, B05, S17, 1
B05, Trade, 258756.517, 101, B05, S13, 1
B05, Trade, 258781.533, 127, B05, S14, 1
B05, Trade, 258791.433, 105, B05, S04, 1
B05, Trade, 258802.367, 114, B05, S29, 1
B05, Trade, 258809.533, 121, B05, S17, 1
B05, Trade, 258823.750, 77, B05, S13, 1
B05, Trade, 258834.433, 113, B05, S26, 1
B05, Trade, 258837.033, 118, B05, S26, 1
B05, Trade, 258843.217, 97, B05, S13, 1
B05, Trade, 258847.417, 138, B05, S22, 1
B05, Trade, 258854.050, 124, B05, S12, 1
B05, Trade, 258878.617, 108, B05, S29, 1
B05, Trade, 258899.483, 101, B05, S10, 1
B05, Trade, 258918.617, 102, S11, B05, 1
B05, Trade, 258918.883, 101, S20, B05, 1
B05, Trade, 258929.783, 118, B05, S15, 1
B05, Trade, 258935.083, 118, B05, S04, 1
B05, Trade, 258947.167, 119, B05, S27, 1
B05, Trade, 258957.317, 97, B05, S06, 1
B05, Trade, 258961.600, 112, B05, S04, 1
B05, Trade, 258968.183, 69, S02, B05, 1
B05, Trade, 258970.750, 68, S29, B05, 1
B05, Trade, 258996.383, 76, B05, S17, 1
B05, Trade, 259012.767, 108, B05, S20, 1
B05, Trade, 259019.750, 82, B05, S27, 1
B05, Trade, 259024.383, 105, B05, S20, 1
B05, Trade, 259029.050, 99, B05, S11, 1
B05, Trade, 259040.883, 121, B05, S15, 1
B05, Trade, 259068.567, 100, B05, S02, 1
B05, Trade, 259082.217, 129, B05, S27, 1
B05, Trade, 259090.883, 120, B05, S23, 1
B05, Trade, 259099.233, 122, B05, S25, 1
B05, Trade, 259101.967, 106, B05, S14, 1
B05, Trade, 259102.900, 92, B05, S21, 1
B05, Trade, 259110.533, 102, B05, S12, 1
B05, Trade, 259127.217, 93, B05, S26, 1
B05, Trade, 259139.900, 110, B05, S12, 1
B05, Trade, 259142.350, 99, B05, S22, 1
B05, Trade, 259144.617, 77, S09, B05, 1
B05, Trade, 259154.433, 125, B05, S04, 1
B05, Trade, 259161.333, 119, B05, S05, 1
B05, Trade, 259171.817, 106, B05, S27, 1
B05, Trade, 259186.233, 88, B05, S27, 1
B05, Trade, 259195.000, 75, B05, S04, 1
B06, 100
B06, Trade, 258369.533, 136, B06, S12, 1
B06, Trade, 258376.517, 85, S14, B06, 1
B06, Trade, 258380.950, 135, B06, S29, 1
B06, Trade, 258383.133, 103, B06, S25, 1
B06, Trade, 258391.067, 121, B06, S23, 1
B06, Trade, 258396.450, 136, B06, S17, 1
B06, Trade, 258414.117, 108, B06, S06, 1
B06, Trade, 258427.383, 121, B06, S18, 1
B06, Trade, 258432.050, 99, B06, S10, 1
B06, Trade, 258444.650, 119, B06, S15, 1
B06, Trade, 258455.650, 122, B06, S11, 1
B06, Trade, 258466.633, 123, S03, B06, 1
B06, Trade, 258475.517, 126, S24, B06, 1
B06, Trade, 258482.833, 122, B06, S09, 1
B06, Trade, 258488.983, 124, B06, S29, 1
B06, Trade, 258492.917, 81, B06, S13, 1
B06, Trade, 258516.417, 112, B06, S18, 1
B06, Trade, 258529.250, 139, B06, S02, 1
B06, Trade, 258538.933, 126, B06, S22, 1
B06, Trade, 258540.617, 93, B06, S12, 1
B06, Trade, 258547.600, 134, B06, S21, 1
B06, Trade, 258572.117, 132, B06, S02, 1
B06, Trade, 258575.717, 135, B06, S22, 1
B06, Trade, 258585.017, 138, B06, S12, 1
B06, Trade, 258589.217, 130, B06, S10, 1
B06, Trade, 258607.767, 117, B06, S04, 1
B06, Trade, 258614.900, 120, S07, B06, 1
B06, Trade, 258626.417, 134, S17, B06, 1
B06, Trade, 258636.183, 129, B06, S10, 1
B06, Trade, 258640.717, 121, B06, S18, 1
B06, Trade, 258650.567, 96, B06, S06, 1
B06, Trade, 258653.117, 125, B06, S18, 1
B06, Trade, 258658.433, 136, B06, S18, 1
B06, Trade, 258666.733, 99, B06, S06, 1
B06, Trade, 258669.850, 83, S22, B06, 1
B06, Trade, 258690.833, 82, S20, B06, 1
B06, Trade, 258706.633, 130, B06, S04, 1
B06, Trade, 258712.233, 103, B06, S18, 1
B06, Trade, 258714.533, 76, S27, B06, 1
B06, Trade, 258720.250, 104, S05, B06, 1
B06, Trade, 258742.267, 118, B06, S06, 1
B06, Trade, 258745.317, 102, B06, S20, 1
B06, Trade, 258752.600, 132, S07, B06, 1
B06, Trade, 258759.750, 82, B06, S12, 1
B06, Trade, 258774.950, 106, B06, S12, 1
B06, Trade, 258784.317, 120, S15, B06, 1
B06, Trade, 258790.983, 112, B06, S20, 1
B06, Trade, 258795.967, 128, B06, S17, 1
B06, Trade, 258805.617, 110, B06, S09, 1
B06, Trade, 258816.033, 114, S11, B06, 1
B06, Trade, 258822.483, 85, B06, S04, 1
B06, Trade, 258832.100, 113, B06, S10, 1
B06, Trade, 258838.667, 119, B06, S15, 1
B06, Trade, 258844.333, 127, B06, S04, 1
B06, Trade, 258853.850, 99, B06, S26, 1
B06, Trade, 258860.217, 133, S19, B06, 1
B06, Trade, 258873.817, 137, S24, B06, 1
B06, Trade, 258876.717, 118, S08, B06, 1
B06, Trade, 258884.000, 127, B06, S12, 1
B06, Trade, 258887.667, 123, B06, S26, 1
B06, Trade, 258900.033, 97, B06, S10, 1
B06, Trade, 258902.067, 112, B06, S18, 1
B06, Trade, 258912.650, 115, B06, S27, 1
B06, Trade, 258914.183, 132, B06, S10, 1
B06, Trade, 258921.283, 132, B06, S03, 1
B06, Trade, 258943.650, 124, B06, S12, 1
B06, Trade, 258949.567, 110, S05, B06, 1
B06, Trade, 258952.900, 104, B06, S25, 1
B06, Trade, 258958.100, 104, B06, S17, 1
B06, Trade, 258965.350, 107, B06, S26, 1
B06, Trade, 258977.067, 62, S18, B06, 1
B06, Trade, 258978.550, 66, S13, B06, 1
B06, Trade, 258987.367, 139, B06, S21, 1
B06, Trade, 258993.067, 136, B06, S10, 1
B06, Trade, 258998.033, 129, B06, S27, 1
B06, Trade, 259012.900, 123, B06, S18, 1
B06, Trade, 259016.750, 124, S07, B06, 1
B06, Trade, 259021.833, 126, B06, S27, 1
B06, Trade, 259033.400, 131, B06, S18, 1
B06, Trade, 259046.067, 124, B06, S27, 1
B06, Trade, 259050.467, 136, B06, S00, 1
B06, Trade, 259054.983, 120, B06, S23, 1
B06, Trade, 259060.900, 110, B06, S12, 1
B06, Trade, 259062.750, 116, S24, B06, 1
B06, Trade, 259073.167, 140, B06, S02, 1
B06, Trade, 259076.033, 117, B06, S06, 1
B06, Trade, 259084.633, 131, B06, S13, 1
B06, Trade, 259092.967, 111, B06, S20, 1
B06, Trade, 259103.067, 101, B06, S05, 1
B06, Trade, 259106.233, 135, B06, S09, 1
B06, Trade, 259111.800, 131, B06, S26, 1
B06, Trade, 259127.167, 123, B06, S04, 1
B06, Trade, 259140.650, 116, S24, B06, 1
B06, Trade, 259147.767, 71, S08, B06, 1
B06, Trade, 259160.300, 125, B06, S21, 1
B06, Trade, 259170.233, 115, B06, S02, 1
B06, Trade, 259174.717, 101, B06, S25, 1
B06, Trade, 259179.917, 131, S11, B06, 1
B06, Trade, 259186.133, 119, B06, S13, 1
B06, Trade, 259186.850, 120, S03, B06, 1
B07, 100
B07, Trade, 258408.483, 123, B07, S23, 1
B07, Trade, 258420.400, 131, B07, S17, 1
B07, Trade, 258425.883, 126, B07, S04, 1
B07, Trade, 258431.000, 134, B07, S25, 1
B07, Trade, 258442.933, 124, S24, B07, 1
B07, Trade, 258454.217, 122, S24, B07, 1
B07, Trade, 258457.333, 96, B07, S20, 1
B07, Trade, 258464.283, 116, B07, S10, 1
B07, Trade, 258471.483, 136, B07, S20, 1
B07, Trade, 258478.617, 97, S08, B07, 1
B07, Trade, 258487.467, 112, B07, S27, 1
B07, Trade, 258493.317, 86, S17, B07, 1
B07, Trade, 258494.750, 83, S22, B07, 1
B07, Trade, 258503.767, 136, B07, S00, 1
B07, Trade, 258518.350, 122, B07, S16, 1
B07, Trade, 258534.600, 125, B07, S03, 1
B07, Trade, 258544.217, 123, B07, S22, 1
B07, Trade, 258548.950, 119, B07, S13, 1
B07, Trade, 258559.750, 124, B07, S20, 1
B07, Trade, 258564.233, 114, B07, S19, 1
B07, Trade, 258573.117, 137, S03, B07, 1
B07, Trade, 258586.567, 97, B07, S26, 1
B07, Trade, 258593.517, 127, B07, S12, 1
B07, Trade, 258603.600, 128, B07, S11, 1
B07, Trade, 258610.400, 134, B07, S05, 1
B07, Trade, 258615.083, 119, S16, B07, 1
B07, Trade, 258622.683, 125, S08, B07, 1
B07, Trade, 258633.250, 115, S24, B07, 1
B07, Trade, 258639.100, 73, B07, S10, 1
B07, Trade, 258649.500, 94, S27, B07, 1
B07, Trade, 258656.350, 137, B07, S05, 1
B07, Trade, 258661.117, 108, B07, S02, 1
B07, Trade, 258664.733, 85, B07, S26, 1
B07, Trade, 258674.483, 98, B07, S02, 1
B07, Trade, 258685.533, 140, B07, S06, 1
B07, Trade, 258691.067, 76, B07, S18, 1
B07, Trade, 258701.667, 107, B07, S04, 1
B07, Trade, 258708.250, 99, B07, S26, 1
B07, Trade, 258710.167, 116, S01, B07, 1
B07, Trade, 258718.900, 107, B07, S10, 1
B07, Trade, 258724.883, 137, B07, S18, 1
B07, Trade, 258727.800, 129, B07, S27, 1
B07, Trade, 258735.683, 98, B07, S18, 1
B07, Trade, 258736.250, 84, S27, B07, 1
B07, Trade, 258744.683, 130, S08, B07, 1
B07, Trade, 258755.500, 130, B07, S27, 1
B07, Trade, 258759.500, 108, S11, B07, 1
B07, Trade, 258768.883, 136, B07, S13, 1
B07, Trade, 258771.283, 104, B07, S06, 1
B07, Trade, 258776.517, 138, B07, S12, 1
B07, Trade, 258783.150, 127, B07, S09, 1
B07, Trade, 258790.683, 104, B07, S06, 1
B07, Trade, 258795.733, 138, S16, B07, 1
B07, Trade, 258803.217, 123, B07, S13, 1
B07, Trade, 258814.933, 88, B07, S22, 1
B07, Trade, 258824.100, 92, S19, B07, 1
B07, Trade, 258845.667, 128, B07, S17, 1
B07, Trade, 258854.000, 127, S16, B07, 1
B07, Trade, 258863.950, 126, S08, B07, 1
B07, Trade, 258867.867, 112, B07, S27, 1
B07, Trade, 258877.183, 113, B07, S27, 1
B07, Trade, 258885.583, 133, B07, S20, 1
B07, Trade, 258891.583, 127, S07, B07, 1
B07, Trade, 258892.717, 122, B07, S11, 1
B07, Trade, 258897.000, 120, B07, S27, 1
B07, Trade, 258913.233, 138, B07, S02, 1
B07, Trade, 258918.850, 121, B07, S07, 1
B07, Trade, 258926.267, 125, B07, S27, 1
B07, Trade, 258934.283, 130, B07, S06, 1
B07, Trade, 258940.950, 104, B07, S21, 1
B07, Trade, 258943.450, 136, B07, S16, 1
B07, Trade, 258950.817, 122, S03, B07, 1
B07, Trade, 258959.267, 102, B07, S20, 1
B07, Trade, 258964.600, 135, B07, S18, 1
B07, Trade, 258968.733, 62, S03, B07, 1
B07, Trade, 258974.217, 122, B07, S13, 1
B07, Trade, 258979.367, 98, S08, B07, 1
B07, Trade, 258985.933, 124, B07, S17, 1
B07, Trade, 258994.983, 132, S16, B07, 1
B07, Trade, 259002.583, 71, S20, B07, 1
B07, Trade, 259003.933, 60, S12, B07, 1
B07, Trade, 259015.033, 115, B07, S23, 1
B07, Trade, 259028.567, 109, B07, S21, 1
B07, Trade, 259032.350, 122, B07, S21, 1
B07, Trade, 259047.633, 113, B07, S15, 1
B07, Trade, 259061.550, 99, B07, S17, 1
B07, Trade, 259069.800, 135, S01, B07, 1
B07, Trade, 259095.283, 99, S09, B07, 1
B07, Trade, 259098.467, 87, S24, B07, 1
B07, Trade, 259107.450, 134, B07, S27, 1
B07, Trade, 259129.367, 139, B07, S18, 1
B07, Trade, 259137.267, 133, B07, S12, 1
B07, Trade, 259145.917, 110, S20, B07, 1
B07, Trade, 259149.350, 125, S01, B07, 1
B07, Trade, 259154.867, 108, B07, S11, 1
B07, Trade, 259160.100, 128, B07, S17, 1
B07, Trade, 259162.300, 107, B07, S26, 1
B07, Trade, 259171.467, 136, S24, B07, 1
B07, Trade, 259183.533, 107, B07, S20, 1
B07, Trade, 259195.883, 135, B07, S27, 1
B08, 100
B08, Trade, 258312.333, 113, B08, S10, 1
B08, Trade, 258317.850, 136, S16, B08, 1
B08, Trade, 258325.400, 134, B08, S15, 1
B08, Trade, 258336.483, 118, B08, S20, 1
B08, Trade, 258350.067, 88, B08, S15, 1
B08, Trade, 258354.883, 122, S16, B08, 1
B08, Trade, 258360.767, 123, S03, B08, 1
B08, Trade, 258364.800, 127, S03, B08, 1
B08, Trade, 258371.817, 101, B08, S11, 1
B08, Trade, 258375.733, 83, S03, B08, 1
B08, Trade, 258382.550, 100, B08, S02, 1
B08, Trade, 258385.917, 135, B08, S00, 1
B08, Trade, 258392.150, 115, B08, S06, 1
B08, Trade, 258400.750, 117, B08, S00, 1
B08, Trade, 258408.583, 117, B08, S27, 1
B08, Trade, 258413.467, 128, B08, S05, 1
B08, Trade, 258426.350, 92, B08, S27, 1
B08, Trade, 258430.200, 125, S08, B08, 1
B08, Trade, 258442.767, 109, B08, S22, 1
B08, Trade, 258453.417, 107, B08, S13, 1
B08, Trade, 258457.767, 107, S24, B08, 1
B08, Trade, 258465.350, 108, S07, B08, 1
B08, Trade, 258482.750, 126, B08, S05, 1
B08, Trade, 258491.600, 93, B08, S10, 1
B08, Trade, 258496.300, 104, S11, B08, 1
B08, Trade, 258506.233, 128, B08, S26, 1
B08, Trade, 258513.067, 125, B08, S21, 1
B08, Trade, 258515.583, 128, S24, B08, 1
B08, Trade, 258530.400, 124, B08, S10, 1
B08, Trade, 258537.633, 97, B08, S02, 1
B08, Trade, 258541.683, 82, B08, S10, 1
B08, Trade, 258546.450, 112, B08, S02, 1
B08, Trade, 258561.617, 124, S07, B08, 1
B08, Trade, 258581.750, 126, B08, S19, 1
B08, Trade, 258595.200, 108, B08, S13, 1
B08, Trade, 258598.017, 119, B08, S22, 1
B08, Trade, 258613.183, 106, B08, S22, 1
B08, Trade, 258614.833, 109, B08, S29, 1
B08, Trade, 258630.883, 131, S00, B08, 1
B08, Trade, 258637.950, 101, S29, B08, 1
B08, Trade, 258645.633, 126, B08, S09, 1
B08, Trade, 258655.633, 130, S09, B08, 1
B08, Trade, 258664.250, 91, B08, S27, 1
B08, Trade, 258673.483, 109, S17, B08, 1
B08, Trade, 258696.933, 111, B08, S26, 1
B08, Trade, 258698.117, 126, B08, S09, 1
B08, Trade, 258709.333, 96, B08, S18, 1
B08, Trade, 258712.850, 110, B08, S09, 1
B08, Trade, 258715.083, 89, B08, S23, 1
B08, Trade, 258720.983, 131, S08, B08, 1
B08, Trade, 258749.367, 107, B08, S19, 1
B08, Trade, 258759.850, 87, S27, B08, 1
B08, Trade, 258760.717, 121, B08, S08, 1
B08, Trade, 258765.767, 110, B08, S14, 1
B08, Trade, 258773.700, 122, S25, B08, 1
B08, Trade, 258785.250, 95, S09, B08, 1
B08, Trade, 258794.550, 120, B08, S23, 1
B08, Trade, 258799.283, 111, B08, S06, 1
B08, Trade, 258803.567, 113, B08, S20, 1
B08, Trade, 258808.367, 116, S29, B08, 1
B08, Trade, 258815.917, 110, S03, B08, 1
B08, Trade, 258825.317, 122, S08, B08, 1
B08, Trade, 258841.000, 108, B08, S02, 1
B08, Trade, 258843.483, 112, S01, B08, 1
B08, Trade, 258848.200, 105, B08, S21, 1
B08, Trade, 258852.350, 93, B08, S10, 1
B08, Trade, 258866.617, 107, B08, S26, 1
B08, Trade, 258875.317, 78, B08, S21, 1
B08, Trade, 258882.883, 129, B08, S13, 1
B08, Trade, 258910.883, 95, B08, S12, 1
B08, Trade, 258913.550, 110, B08, S06, 1
B08, Trade, 258919.583, 122, B08, S05, 1
B08, Trade, 258935.533, 122, B08, S13, 1
B08, Trade, 258944.650, 110, B08, S27, 1
B08, Trade, 258954.750, 108, B08, S15, 1
B08, Trade, 258966.200, 87, B08, S06, 1
B08, Trade, 258968.800, 63, S17, B08, 1
B08, Trade, 258975.217, 120, B08, S11, 1
B08, Trade, 258976.383, 88, S08, B08, 1
B08, Trade, 258994.383, 110, B08, S04, 1
B08, Trade, 258996.617, 87, S25, B08, 1
B08, Trade, 259002.983, 99, S16, B08, 1
B08, Trade, 259009.400, 119, B08, S04, 1
B08, Trade, 259016.950, 117, B08, S10, 1
B08, Trade, 259020.283, 85, B08, S12, 1
B08, Trade, 259057.300, 119, B08, S14, 1
B08, Trade, 259065.533, 127, B08, S29, 1
B08, Trade, 259076.100, 111, B08, S04, 1
B08, Trade, 259095.767, 84, B08, S02, 1
B08, Trade, 259099.000, 109, B08, S10, 1
B08, Trade, 259112.083, 110, B08, S10, 1
B08, Trade, 259127.667, 119, S17, B08, 1
B08, Trade, 259139.067, 132, B08, S06, 1
B08, Trade, 259146.150, 71, S25, B08, 1
B08, Trade, 259151.600, 136, B08, S18, 1
B08, Trade, 259156.950, 93, B08, S10, 1
B08, Trade, 259161.933, 98, B08, S27, 1
B08, Trade, 259167.050, 111, B08, S29, 1
B08, Trade, 259188.050, 122, B08, S04, 1
B08, Trade, 259195.183, 111, B08, S17, 1
B09, 100
B09, Trade, 258652.417, 134, B09, S17, 1
B09, Trade, 258658.283, 137, B09, S13, 1
B09, Trade, 258664.183, 95, B09, S13, 1
B09, Trade, 258666.250, 138, B09, S15, 1
B09, Trade, 258670.917, 65, B09, S04, 1
B09, Trade, 258682.283, 140, B09, S18, 1
B09, Trade, 258684.700, 140, B09, S08, 1
B09, Trade, 258688.750, 139, B09, S27, 1
B09, Trade, 258693.300, 134, B09, S23, 1
B09, Trade, 258698.917, 130, B09, S19, 1
B09, Trade, 258700.267, 110, B09, S29, 1
B09, Trade, 258706.717, 115, B09, S19, 1
B09, Trade, 258710.683, 138, B09, S00, 1
B09, Trade, 258715.250, 69, B09, S18, 1
B09, Trade, 258721.733, 104, B09, S02, 1
B09, Trade, 258726.733, 140, B09, S02, 1
B09, Trade, 258733.267, 93, B09, S18, 1
B09, Trade, 258741.417, 114, S15, B09, 1
B09, Trade, 258748.767, 128, B09, S25, 1
B09, Trade, 258751.117, 126, B09, S20, 1
B09, Trade, 258757.217, 93, B09, S19, 1
B09, Trade, 258761.283, 66, B09, S18, 1
B09, Trade, 258768.317, 140, S16, B09, 1
B09, Trade, 258772.967, 107, B09, S04, 1
B09, Trade, 258776.433, 139, B09, S19, 1
B09, Trade, 258783.567, 113, B09, S27, 1
B09, Trade, 258789.133, 134, B09, S23, 1
B09, Trade, 258799.750, 117, B09, S11, 1
B09, Trade, 258804.050, 101, B09, S09, 1
B09, Trade, 258806.933, 113, B09, S25, 1
B09, Trade, 258818.333, 140, B09, S18, 1
B09, Trade, 258819.033, 127, B09, S11, 1
B09, Trade, 258821.300, 124, B09, S17, 1
B09, Trade, 258828.700, 140, B09, S06, 1
B09, Trade, 258833.717, 118, B09, S12, 1
B09, Trade, 258839.017, 107, B09, S22, 1
B09, Trade, 258840.667, 120, B09, S10, 1
B09, Trade, 258850.267, 114, B09, S06, 1
B09, Trade, 258853.667, 100, B09, S13, 1
B09, Trade, 258859.483, 112, B09, S04, 1
B09, Trade, 258866.417, 126, B09, S22, 1
B09, Trade, 258869.467, 124, B09, S06, 1
B09, Trade, 258881.367, 88, B09, S05, 1
B09, Trade, 258883.467, 112, B09, S25, 1
B09, Trade, 258886.400, 114, B09, S18, 1
B09, Trade, 258894.767, 133, B09, S00, 1
B09, Trade, 258897.550, 111, B09, S20, 1
B09, Trade, 258904.333, 124, B09, S22, 1
B09, Trade, 258908.917, 100, B09, S29, 1
B09, Trade, 258914.683, 136, B09, S28, 1
B09, Trade, 258915.600, 126, B09, S14, 1
B09, Trade, 258924.867, 133, B09, S10, 1
B09, Trade, 258927.667, 110, B09, S06, 1
B09, Trade, 258932.017, 109, B09, S18, 1
B09, Trade, 258940.767, 101, B09, S20, 1
B09, Trade, 258947.133, 124, B09, S15, 1
B09, Trade, 258951.567, 98, B09, S23, 1
B09, Trade, 258960.333, 138, B09, S13, 1
B09, Trade, 258962.333, 110, B09, S27, 1
B09, Trade, 258973.350, 120, B09, S00, 1
B09, Trade, 258976.050, 84, B09, S26, 1
B09, Trade, 258981.917, 135, B09, S12, 1
B09, Trade, 258990.250, 118, B09, S13, 1
B09, Trade, 258991.817, 139, B09, S12, 1
B09, Trade, 258998.617, 123, B09, S25, 1
B09, Trade, 259001.567, 119, B09, S18, 1
B09, Trade, 259007.717, 140, B09, S18, 1
B09, Trade, 259015.117, 116, B09, S26, 1
B09, Trade, 259023.450, 138, B09, S13, 1
B09, Trade, 259030.567, 140, B09, S17, 1
B09, Trade, 259033.900, 123, B09, S25, 1
B09, Trade, 259036.183, 131, S29, B09, 1
B09, Trade, 259044.467, 140, B09, S23, 1
B09, Trade, 259049.967, 120, B09, S12, 1
B09, Trade, 259053.450, 131, B09, S06, 1
B09, Trade, 259055.900, 115, B09, S18, 1
B09, Trade, 259062.600, 104, B09, S26, 1
B09, Trade, 259068.850, 107, B09, S26, 1
B09, Trade, 259072.050, 134, B09, S04, 1
B09, Trade, 259077.183, 109, B09, S12, 1
B09, Trade, 259081.983, 116, B09, S10, 1
B09, Trade, 259090.317, 127, B09, S21, 1
B09, Trade, 259100.583, 118, B09, S29, 1
B09, Trade, 259104.367, 140, B09, S06, 1
B09, Trade, 259108.017, 139, S24, B09, 1
B09, Trade, 259111.583, 127, B09, S21, 1
B09, Trade, 259118.367, 126, B09, S28, 1
B09, Trade, 259124.400, 131, B09, S20, 1
B09, Trade, 259131.383, 133, B09, S20, 1
B09, Trade, 259133.817, 123, B09, S05, 1
B09, Trade, 259140.833, 110, B09, S21, 1
B09, Trade, 259144.483, 74, B09, S21, 1
B09, Trade, 259146.400, 66, B09, S27, 1
B09, Trade, 259156.200, 113, B09, S18, 1
B09, Trade, 259158.967, 91, B09, S26, 1
B09, Trade, 259163.683, 115, B09, S17, 1
B09, Trade, 259171.067, 103, B09, S06, 1
B09, Trade, 259178.400, 98, B09, S26, 1
B09, Trade, 259188.850, 114, B09, S25, 1
B09, Trade, 259195.433, 136, B09, S18, 1
B10, 100
B10, Trade, 258374.800, 74, B10, S12, 1
B10, Trade, 258386.317, 105, B10, S06, 1
B10, Trade, 258396.483, 118, B10, S04, 1
B10, Trade, 258401.550, 128, S08, B10, 1
B10, Trade, 258411.767, 110, B10, S26, 1
B10, Trade, 258425.350, 130, B10, S12, 1
B10, Trade, 258436.267, 96, S16, B10, 1
B10, Trade, 258445.900, 87, B10, S07, 1
B10, Trade, 258453.283, 111, B10, S09, 1
B10, Trade, 258465.917, 94, B10, S15, 1
B10, Trade, 258481.183, 132, B10, S26, 1
B10, Trade, 258482.317, 133, S24, B10, 1
B10, Trade, 258491.850, 83, B10, S18, 1
B10, Trade, 258506.500, 125, B10, S18, 1
B10, Trade, 258513.167, 134, S08, B10, 1
B10, Trade, 258517.483, 106, B10, S21, 1
B10, Trade, 258534.467, 119, S00, B10, 1
B10, Trade, 258544.117, 114, B10, S11, 1
B10, Trade, 258552.550, 135, B10, S24, 1
B10, Trade, 258561.850, 96, B10, S22, 1
B10, Trade, 258567.967, 138, B10, S13, 1
B10, Trade, 258575.900, 98, B10, S21, 1
B10, Trade, 258582.200, 122, B10, S23, 1
B10, Trade, 258590.333, 115, S03, B10, 1
B10, Trade, 258593.483, 128, B10, S21, 1
B10, Trade, 258601.117, 95, B10, S15, 1
B10, Trade, 258607.017, 120, B10, S21, 1
B10, Trade, 258617.000, 93, B10, S13, 1
B10, Trade, 258624.000, 136, S01, B10, 1
B10, Trade, 258635.767, 112, B10, S06, 1
B10, Trade, 258646.600, 128, B10, S04, 1
B10, Trade, 258660.517, 128, B10, S04, 1
B10, Trade, 258667.633, 111, S20, B10, 1
B10, Trade, 258673.400, 108, S24, B10, 1
B10, Trade, 258691.250, 65, B10, S13, 1
B10, Trade, 258707.733, 104, B10, S13, 1
B10, Trade, 258712.717, 116, B10, S19, 1
B10, Trade, 258733.233, 133, S01, B10, 1
B10, Trade, 258735.833, 89, B10, S26, 1
B10, Trade, 258740.417, 131, B10, S04, 1
B10, Trade, 258759.250, 118, S01, B10, 1
B10, Trade, 258768.433, 139, B10, S02, 1
B10, Trade, 258771.783, 102, B10, S20, 1
B10, Trade, 258780.917, 116, B10, S10, 1
B10, Trade, 258784.050, 110, B10, S11, 1
B10, Trade, 258786.667, 120, B10, S18, 1
B10, Trade, 258795.900, 125, B10, S22, 1
B10, Trade, 258797.233, 119, S14, B10, 1
B10, Trade, 258816.217, 118, B10, S10, 1
B10, Trade, 258818.967, 136, S09, B10, 1
B10, Trade, 258825.083, 106, S16, B10, 1
B10, Trade, 258836.983, 131, S24, B10, 1
B10, Trade, 258842.133, 94, B10, S26, 1
B10, Trade, 258848.317, 126, B10, S23, 1
B10, Trade, 258861.517, 133, B10, S26, 1
B10, Trade, 258865.517, 84, S29, B10, 1
B10, Trade, 258874.333, 108, B10, S19, 1
B10, Trade, 258884.033, 118, B10, S27, 1
B10, Trade, 258887.900, 113, B10, S21, 1
B10, Trade, 258904.750, 119, B10, S12, 1
B10, Trade, 258922.600, 121, B10, S06, 1
B10, Trade, 258926.167, 131, S07, B10, 1
B10, Trade, 258947.833, 109, B10, S09, 1
B10, Trade, 258962.117, 131, S24, B10, 1
B10, Trade, 258964.933, 110, B10, S04, 1
B10, Trade, 258966.967, 111, S25, B10, 1
B10, Trade, 258975.150, 139, B10, S22, 1
B10, Trade, 258980.850, 126, S15, B10, 1
B10, Trade, 258992.167, 139, B10, S20, 1
B10, Trade, 259003.083, 99, S08, B10, 1
B10, Trade, 259015.250, 115, B10, S05, 1
B10, Trade, 259019.583, 140, B10, S09, 1
B10, Trade, 259024.767, 128, S08, B10, 1
B10, Trade, 259027.933, 128, B10, S22, 1
B10, Trade, 259036.617, 133, S16, B10, 1
B10, Trade, 259040.100, 133, B10, S21, 1
B10, Trade, 259042.467, 131, S24, B10, 1
B10, Trade, 259048.217, 118, B10, S04, 1
B10, Trade, 259062.067, 138, B10, S25, 1
B10, Trade, 259064.200, 137, B10, S18, 1
B10, Trade, 259070.800, 138, B10, S17, 1
B10, Trade, 259074.450, 136, B10, S21, 1
B10, Trade, 259079.983, 121, S25, B10, 1
B10, Trade, 259089.767, 134, S16, B10, 1
B10, Trade, 259095.450, 69, S17, B10, 1
B10, Trade, 259098.583, 88, S01, B10, 1
B10, Trade, 259102.700, 105, S01, B10, 1
B10, Trade, 259111.067, 123, B10, S28, 1
B10, Trade, 259126.100, 130, S19, B10, 1
B10, Trade, 259127.483, 125, B10, S27, 1
B10, Trade, 259138.050, 119, B10, S23, 1
B10, Trade, 259145.150, 97, S03, B10, 1
B10, Trade, 259154.017, 123, B10, S17, 1
B10, Trade, 259161.417, 105, B10, S13, 1
B10, Trade, 259164.733, 128, S07, B10, 1
B10, Trade, 259170.817, 105, B10, S27, 1
B10, Trade, 259175.433, 123, B10, S02, 1
B10, Trade, 259178.850, 97, B10, S02, 1
B10, Trade, 259192.633, 92, S03, B10, 1
B10, Trade, 259196.433, 140, B10, S23, 1
B11, 100
B11, Trade, 258554.517, 133, B11, S09, 1
B11, Trade, 258560.833, 129, S03, B11, 1
B11, Trade, 258571.717, 123, B11, S12, 1
B11, Trade, 258581.517, 133, B11, S00, 1
B11, Trade, 258584.817, 140, S08, B11, 1
B11, Trade, 258595.150, 122, S07, B11, 1
B11, Trade, 258598.800, 107, S00, B11, 1
B11, Trade, 258608.317, 99, B11, S13, 1
B11, Trade, 258616.850, 126, B11, S10, 1
B11, Trade, 258617.550, 90, B11, S18, 1
B11, Trade, 258625.233, 102, B11, S27, 1
B11, Trade, 258630.900, 118, B11, S18, 1
B11, Trade, 258637.000, 113, B11, S27, 1
B11, Trade, 258645.167, 135, B11, S22, 1
B11, Trade, 258647.233, 107, S00, B11, 1
B11, Trade, 258650.883, 132, S08, B11, 1
B11, Trade, 258655.683, 112, B11, S27, 1
B11, Trade, 258663.433, 101, S29, B11, 1
B11, Trade, 258664.400, 110, S08, B11, 1
B11, Trade, 258673.067, 107, S07, B11, 1
B11, Trade, 258683.133, 138, B11, S02, 1
B11, Trade, 258686.783, 137, S05, B11, 1
B11, Trade, 258691.567, 61, S08, B11, 1
B11, Trade, 258696.033, 131, B11, S06, 1
B11, Trade, 258699.683, 133, S24, B11, 1
B11, Trade, 258711.383, 135, B11, S06, 1
B11, Trade, 258716.033, 128, B11, S23, 1
B11, Trade, 258722.167, 115, S11, B11, 1
B11, Trade, 258728.667, 114, B11, S15, 1
B11, Trade, 258731.000, 96, S11, B11, 1
B11, Trade, 258737.367, 131, B11, S17, 1
B11, Trade, 258741.217, 109, B11, S12, 1
B11, Trade, 258745.133, 121, B11, S27, 1
B11, Trade, 258753.400, 113, B11, S29, 1
B11, Trade, 258759.150, 114, S07, B11, 1
B11, Trade, 258770.850, 123, B11, S26, 1
B11, Trade, 258782.317, 135, B11, S12, 1
B11, Trade, 258787.217, 128, B11, S17, 1
B11, Trade, 258797.517, 131, S28, B11, 1
B11, Trade, 258803.683, 121, S24, B11, 1
B11, Trade, 258813.767, 101, B11, S27, 1
B11, Trade, 258815.883, 97, B11, S13, 1
B11, Trade, 258820.583, 137, B11, S21, 1
B11, Trade, 258831.683, 134, B11, S13, 1
B11, Trade, 258833.250, 132, B11, S19, 1
B11, Trade, 258835.583, 138, B11, S11, 1
B11, Trade, 258849.500, 119, B11, S00, 1
B11, Trade, 258853.433, 74, B11, S02, 1
B11, Trade, 258859.067, 125, B11, S11, 1
B11, Trade, 258870.117, 115, B11, S20, 1
B11, Trade, 258876.967, 121, S01, B11, 1
B11, Trade, 258887.117, 140, B11, S09, 1
B11, Trade, 258897.217, 136, S08, B11, 1
B11, Trade, 258907.133, 137, S07, B11, 1
B11, Trade, 258913.883, 138, B11, S20, 1
B11, Trade, 258923.800, 129, B11, S20, 1
B11, Trade, 258925.433, 126, B11, S26, 1
B11, Trade, 258929.350, 122, B11, S19, 1
B11, Trade, 258934.567, 132, S08, B11, 1
B11, Trade, 258938.417, 135, B11, S17, 1
B11, Trade, 258941.500, 131, B11, S19, 1
B11, Trade, 258948.967, 122, S25, B11, 1
B11, Trade, 258950.700, 118, S08, B11, 1
B11, Trade, 258958.983, 105, B11, S18, 1
B11, Trade, 258965.000, 137, B11, S10, 1
B11, Trade, 258971.967, 111, B11, S02, 1
B11, Trade, 258977.917, 68, S04, B11, 1
B11, Trade, 258987.583, 121, B11, S12, 1
B11, Trade, 259001.350, 137, S03, B11, 1
B11, Trade, 259003.250, 100, S27, B11, 1
B11, Trade, 259008.617, 133, B11, S06, 1
B11, Trade, 259012.733, 124, S24, B11, 1
B11, Trade, 259028.317, 119, B11, S13, 1
B11, Trade, 259031.683, 131, S28, B11, 1
B11, Trade, 259034.767, 106, B11, S22, 1
B11, Trade, 259047.033, 136, S08, B11, 1
B11, Trade, 259054.850, 132, B11, S27, 1
B11, Trade, 259060.850, 133, S08, B11, 1
B11, Trade, 259066.450, 93, B11, S20, 1
B11, Trade, 259072.883, 136, S16, B11, 1
B11, Trade, 259075.600, 125, B11, S15, 1
B11, Trade, 259083.267, 126, S08, B11, 1
B11, Trade, 259094.583, 126, S16, B11, 1
B11, Trade, 259099.283, 124, B11, S21, 1
B11, Trade, 259106.583, 138, B11, S19, 1
B11, Trade, 259110.833, 126, B11, S10, 1
B11, Trade, 259116.417, 134, B11, S26, 1
B11, Trade, 259126.267, 132, S16, B11, 1
B11, Trade, 259135.567, 123, B11, S22, 1
B11, Trade, 259140.850, 108, B11, S19, 1
B11, Trade, 259148.300, 81, B11, S17, 1
B11, Trade, 259154.317, 130, S24, B11, 1
B11, Trade, 259159.400, 92, S22, B11, 1
B11, Trade, 259166.883, 124, B11, S11, 1
B11, Trade, 259170.633, 111, S28, B11, 1
B11, Trade, 259173.183, 125, B11, S05, 1
B11, Trade, 259181.833, 129, B11, S27, 1
B11, Trade, 259186.567, 121, S29, B11, 1
B11, Trade, 259187.733, 134, B11, S06, 1
B11, Trade, 259198.050, 136, B11, S11, 1
B12, 100
B12, Trade, 258445.633, 115, S08, B12, 1
B12, Trade, 258457.250, 133, B12, S22, 1
B12, Trade, 258462.883, 127, B12, S19, 1
B12, Trade, 258471.050, 137, B12, S13, 1
B12, Trade, 258491.117, 115, B12, S11, 1
B12, Trade, 258518.867, 108, B12, S02, 1
B12, Trade, 258522.583, 139, B12, S26, 1
B12, Trade, 258527.500, 128, S08, B12, 1
B12, Trade, 258545.050, 106, B12, S04, 1
B12, Trade, 258554.967, 119, B12, S06, 1
B12, Trade, 258562.933, 114, B12, S21, 1
B12, Trade, 258571.800, 133, S16, B12, 1
B12, Trade, 258580.567, 132, B12, S20, 1
B12, Trade, 258590.300, 114, S07, B12, 1
B12, Trade, 258598.667, 106, S24, B12, 1
B12, Trade, 258604.650, 128, S08, B12, 1
B12, Trade, 258607.533, 116, S09, B12, 1
B12, Trade, 258612.417, 135, S08, B12, 1
B12, Trade, 258617.267, 140, B12, S21, 1
B12, Trade, 258621.367, 127, B12, S02, 1
B12, Trade, 258626.850, 134, B12, S06, 1
B12, Trade, 258630.417, 133, B12, S17, 1
B12, Trade, 258641.433, 112, B12, S11, 1
B12, Trade, 258649.267, 121, B12, S02, 1
B12, Trade, 258652.433, 133, B12, S04, 1
B12, Trade, 258656.000, 140, B12, S11, 1
B12, Trade, 258671.967, 111, S07, B12, 1
B12, Trade, 258689.917, 120, B12, S17, 1
B12, Trade, 258690.950, 99, S01, B12, 1
B12, Trade, 258705.033, 131, B12, S02, 1
B12, Trade, 258715.200, 83, B12, S06, 1
B12, Trade, 258717.533, 117, S25, B12, 1
B12, Trade, 258729.850, 132, B12, S17, 1
B12, Trade, 258732.117, 99, B12, S06, 1
B12, Trade, 258736.517, 114, B12, S10, 1
B12, Trade, 258741.683, 117, S11, B12, 1
B12, Trade, 258751.900, 135, S08, B12, 1
B12, Trade, 258755.017, 133, B12, S06, 1
B12, Trade, 258761.867, 129, B12, S09, 1
B12, Trade, 258773.333, 111, S07, B12, 1
B12, Trade, 258778.283, 140, B12, S15, 1
B12, Trade, 258782.433, 137, S24, B12, 1
B12, Trade, 258790.067, 118, B12, S10, 1
B12, Trade, 258803.083, 127, S07, B12, 1
B12, Trade, 258806.667, 119, B12, S13, 1
B12, Trade, 258813.400, 132, B12, S02, 1
B12, Trade, 258820.867, 133, B12, S27, 1
B12, Trade, 258835.467, 122, B12, S02, 1
B12, Trade, 258841.617, 100, S07, B12, 1
B12, Trade, 258843.967, 138, S08, B12, 1
B12, Trade, 258853.350, 78, B12, S05, 1
B12, Trade, 258853.800, 117, S24, B12, 1
B12, Trade, 258855.583, 125, B12, S20, 1
B12, Trade, 258863.783, 97, B12, S20, 1
B12, Trade, 258869.750, 121, B12, S18, 1
B12, Trade, 258887.517, 134, B12, S12, 1
B12, Trade, 258889.917, 131, B12, S17, 1
B12, Trade, 258898.733, 120, B12, S06, 1
B12, Trade, 258905.833, 114, B12, S12, 1
B12, Trade, 258911.100, 94, B12, S09, 1
B12, Trade, 258917.400, 115, B12, S22, 1
B12, Trade, 258919.833, 121, B12, S12, 1
B12, Trade, 258939.150, 123, S16, B12, 1
B12, Trade, 258946.667, 126, B12, S11, 1
B12, Trade, 258951.050, 130, S01, B12, 1
B12, Trade, 258962.867, 130, B12, S23, 1
B12, Trade, 258976.333, 82, B12, S17, 1
B12, Trade, 258977.550, 91, S22, B12, 1
B12, Trade, 258982.117, 134, B12, S20, 1
B12, Trade, 258998.833, 133, B12, S15, 1
B12, Trade, 259002.400, 63, S04, B12, 1
B12, Trade, 259010.450, 134, B12, S09, 1
B12, Trade, 259020.333, 106, S08, B12, 1
B12, Trade, 259026.600, 137, S16, B12, 1
B12, Trade, 259034.650, 119, B12, S10, 1
B12, Trade, 259039.200, 140, B12, S13, 1
B12, Trade, 259046.867, 118, B12, S25, 1
B12, Trade, 259056.933, 132, B12, S19, 1
B12, Trade, 259063.050, 116, S16, B12, 1
B12, Trade, 259070.367, 119, B12, S19, 1
B12, Trade, 259074.650, 134, B12, S13, 1
B12, Trade, 259078.133, 129, B12, S17, 1
B12, Trade, 259086.617, 132, B12, S06, 1
B12, Trade, 259094.967, 124, B12, S12, 1
B12, Trade, 259098.650, 130, S03, B12, 1
B12, Trade, 259108.950, 124, B12, S27, 1
B12, Trade, 259112.117, 132, S16, B12, 1
B12, Trade, 259120.617, 113, B12, S10, 1
B12, Trade, 259129.483, 124, B12, S13, 1
B12, Trade, 259133.983, 121, B12, S17, 1
B12, Trade, 259139.767, 107, B12, S20, 1
B12, Trade, 259144.667, 71, B12, S02, 1
B12, Trade, 259151.867, 123, B12, S02, 1
B12, Trade, 259163.150, 132, S16, B12, 1
B12, Trade, 259166.500, 130, B12, S10, 1
B12, Trade, 259171.750, 139, S08, B12, 1
B12, Trade, 259173.783, 104, B12, S18, 1
B12, Trade, 259181.133, 136, B12, S10, 1
B12, Trade, 259183.383, 112, B12, S17, 1
B12, Trade, 259191.800, 111, B12, S06, 1
B13, 100
B13, Trade, 258458.817, 103, B13, S27, 1
B13, Trade, 258461.033, 98, B13, S17, 1
B13, Trade, 258465.883, 101, B13, S12, 1
B13, Trade, 258477.383, 108, B13, S21, 1
B13, Trade, 258479.517, 122, B13, S02, 1
B13, Trade, 258491.467, 110, B13, S28, 1
B13, Trade, 258496.033, 88, B13, S10, 1
B13, Trade, 258502.550, 103, B13, S13, 1
B13, Trade, 258506.583, 115, B13, S20, 1
B13, Trade, 258516.367, 115, B13, S10, 1
B13, Trade, 258521.317, 107, B13, S27, 1
B13, Trade, 258526.283, 114, B13, S02, 1
B13, Trade, 258532.167, 121, B13, S22, 1
B13, Trade, 258535.283, 105, B13, S11, 1
B13, Trade, 258544.400, 87, B13, S10, 1
B13, Trade, 258552.283, 110, B13, S02, 1
B13, Trade, 258561.467, 99, B13, S21, 1
B13, Trade, 258563.017, 109, B13, S15, 1
B13, Trade, 258571.917, 120, B13, S04, 1
B13, Trade, 258580.600, 121, B13, S06, 1
B13, Trade, 258586.517, 116, B13, S27, 1
B13, Trade, 258593.167, 106, B13, S17, 1
B13, Trade, 258597.367, 124, B13, S20, 1
B13, Trade, 258607.183, 109, B13, S18, 1
B13, Trade, 258614.167, 97, B13, S20, 1
B13, Trade, 258625.150, 112, B13, S04, 1
B13, Trade, 258631.133, 109, B13, S19, 1
B13, Trade, 258638.633, 83, B13, S13, 1
B13, Trade, 258644.333, 121, B13, S25, 1
B13, Trade, 258666.783, 85, B13, S18, 1
B13, Trade, 258675.250, 82, B13, S26, 1
B13, Trade, 258684.767, 125, B13, S18, 1
B13, Trade, 258690.317, 107, B13, S27, 1
B13, Trade, 258706.800, 114, B13, S21, 1
B13, Trade, 258718.833, 115, B13, S13, 1
B13, Trade, 258725.283, 103, B13, S23, 1
B13, Trade, 258732.017, 85, B13, S23, 1
B13, Trade, 258735.200, 119, B13, S29, 1
B13, Trade, 258740.850, 127, B13, S12, 1
B13, Trade, 258747.867, 124, B13, S13, 1
B13, Trade, 258752.917, 121, B13, S10, 1
B13, Trade, 258755.833, 118, B13, S04, 1
B13, Trade, 258769.350, 115, B13, S09, 1
B13, Trade, 258775.667, 98, B13, S02, 1
B13, Trade, 258785.517, 75, B13, S26, 1
B13, Trade, 258795.150, 107, B13, S17, 1
B13, Trade, 258798.783, 113, B13, S18, 1
B13, Trade, 258808.183, 105, B13, S17, 1
B13, Trade, 258809.433, 125, B13, S12, 1
B13, Trade, 258821.367, 123, B13, S23, 1
B13, Trade, 258826.317, 87, B13, S04, 1
B13, Trade, 258831.983, 120, B13, S00, 1
B13, Trade, 258847.700, 111, B13, S26, 1
B13, Trade, 258851.583, 102, B13, S09, 1
B13, Trade, 258859.650, 111, B13, S09, 1
B13, Trade, 258863.667, 106, B13, S06, 1
B13, Trade, 258874.950, 122, B13, S26, 1
B13, Trade, 258883.500, 111, B13, S06, 1
B13, Trade, 258891.317, 96, B13, S14, 1
B13, Trade, 258895.100, 125, B13, S02, 1
B13, Trade, 258899.350, 101, B13, S21, 1
B13, Trade, 258910.150, 118, B13, S21, 1
B13, Trade, 258918.717, 88, B13, S13, 1
B13, Trade, 258930.117, 117, B13, S25, 1
B13, Trade, 258931.150, 132, B13, S04, 1
B13, Trade, 258943.667, 121, B13, S21, 1
B13, Trade, 258952.667, 101, B13, S28, 1
B13, Trade, 258961.167, 115, B13, S13, 1
B13, Trade, 258964.650, 124, B13, S17, 1
B13, Trade, 258970.900, 69, S18, B13, 1
B13, Trade, 258982.867, 118, B13, S04, 1
B13, Trade, 258989.717, 118, B13, S26, 1
B13, Trade, 258996.700, 74, B13, S13, 1
B13, Trade, 259009.250, 124, B13, S23, 1
B13, Trade, 259014.183, 108, B13, S27, 1
B13, Trade, 259022.750, 108, B13, S04, 1
B13, Trade, 259028.550, 110, B13, S09, 1
B13, Trade, 259036.983, 120, B13, S04, 1
B13, Trade, 259040.250, 125, B13, S18, 1
B13, Trade, 259045.750, 126, B13, S06, 1
B13, Trade, 259055.250, 116, B13, S08, 1
B13, Trade, 259061.450, 100, B13, S02, 1
B13, Trade, 259066.417, 96, B13, S18, 1
B13, Trade, 259068.900, 96, B13, S15, 1
B13, Trade, 259084.867, 131, B13, S19, 1
B13, Trade, 259091.600, 112, B13, S21, 1
B13, Trade, 259097.483, 80, B13, S26, 1
B13, Trade, 259102.983, 86, B13, S26, 1
B13, Trade, 259108.967, 122, B13, S05, 1
B13, Trade, 259115.400, 114, B13, S20, 1
B13, Trade, 259118.883, 126, B13, S22, 1
B13, Trade, 259126.983, 94, B13, S09, 1
B13, Trade, 259135.583, 114, B13, S10, 1
B13, Trade, 259143.117, 90, B13, S05, 1
B13, Trade, 259160.433, 95, B13, S04, 1
B13, Trade, 259165.100, 112, B13, S25, 1
B13, Trade, 259169.667, 118, B13, S19, 1
B13, Trade, 259181.167, 122, B13, S13, 1
B13, Trade, 259184.100, 102, B13, S06, 1
B13, Trade, 259192.367, 91, S07, B13, 1
B14, 100
B14, Trade, 258679.967, 138, B14, S09, 1
B14, Trade, 258688.817, 136, B14, S06, 1
B14, Trade, 258693.167, 135, B14, S15, 1
B14, Trade, 258698.150, 133, S16, B14, 1
B14, Trade, 258699.400, 133, S03, B14, 1
B14, Trade, 258704.200, 136, S07, B14, 1
B14, Trade, 258710.083, 110, S03, B14, 1
B14, Trade, 258714.783, 122, S22, B14, 1
B14, Trade, 258722.333, 139, B14, S26, 1
B14, Trade, 258726.850, 139, B14, S13, 1
B14, Trade, 258731.783, 104, S17, B14, 1
B14, Trade, 258738.783, 137, B14, S10, 1
B14, Trade, 258740.817, 138, B14, S27, 1
B14, Trade, 258748.417, 133, S23, B14, 1
B14, Trade, 258751.367, 134, B14, S26, 1
B14, Trade, 258756.967, 108, S07, B14, 1
B14, Trade, 258764.850, 137, B14, S10, 1
B14, Trade, 258767.550, 140, B14, S21, 1
B14, Trade, 258773.467, 112, S08, B14, 1
B14, Trade, 258779.483, 139, B14, S16, 1
B14, Trade, 258786.333, 125, S05, B14, 1
B14, Trade, 258794.833, 136, B14, S25, 1
B14, Trade, 258798.950, 139, B14, S21, 1
B14, Trade, 258801.017, 137, B14, S18, 1
B14, Trade, 258804.550, 129, S16, B14, 1
B14, Trade, 258811.217, 135, S07, B14, 1
B14, Trade, 258816.367, 123, S01, B14, 1
B14, Trade, 258823.283, 136, B14, S03, 1
B14, Trade, 258826.083, 124, S16, B14, 1
B14, Trade, 258834.683, 135, S22, B14, 1
B14, Trade, 258838.950, 129, S16, B14, 1
B14, Trade, 258843.817, 136, S24, B14, 1
B14, Trade, 258847.483, 136, B14, S27, 1
B14, Trade, 258850.517, 126, S08, B14, 1
B14, Trade, 258857.850, 130, S08, B14, 1
B14, Trade, 258862.383, 136, B14, S18, 1
B14, Trade, 258867.933, 124, S03, B14, 1
B14, Trade, 258869.817, 130, S16, B14, 1
B14, Trade, 258876.767, 119, S16, B14, 1
B14, Trade, 258880.067, 105, S16, B14, 1
B14, Trade, 258890.733, 127, S03, B14, 1
B14, Trade, 258891.633, 130, S19, B14, 1
B14, Trade, 258898.917, 131, S07, B14, 1
B14, Trade, 258901.650, 109, S16, B14, 1
B14, Trade, 258908.000, 136, S08, B14, 1
B14, Trade, 258913.317, 138, B14, S13, 1
B14, Trade, 258922.517, 135, B14, S04, 1
B14, Trade, 258932.450, 126, S19, B14, 1
B14, Trade, 258937.833, 124, S03, B14, 1
B14, Trade, 258941.417, 134, B14, S23, 1
B14, Trade, 258948.133, 131, S07, B14, 1
B14, Trade, 258958.183, 129, S23, B14, 1
B14, Trade, 258963.433, 130, B14, S20, 1
B14, Trade, 258970.650, 110, S01, B14, 1
B14, Trade, 258974.250, 125, S25, B14, 1
B14, Trade, 258980.783, 116, S16, B14, 1
B14, Trade, 258982.533, 138, S25, B14, 1
B14, Trade, 258987.317, 140, B14, S19, 1
B14, Trade, 258992.767, 140, B14, S27, 1
B14, Trade, 259000.117, 121, S24, B14, 1
B14, Trade, 259000.583, 127, S09, B14, 1
B14, Trade, 259008.883, 140, S24, B14, 1
B14, Trade, 259014.300, 120, S00, B14, 1
B14, Trade, 259017.850, 140, B14, S21, 1
B14, Trade, 259025.250, 138, S16, B14, 1
B14, Trade, 259029.817, 139, B14, S10, 1
B14, Trade, 259034.800, 136, S24, B14, 1
B14, Trade, 259038.200, 140, B14, S22, 1
B14, Trade, 259045.617, 133, B14, S13, 1
B14, Trade, 259050.233, 130, S03, B14, 1
B14, Trade, 259051.967, 140, B14, S28, 1
B14, Trade, 259060.350, 138, S03, B14, 1
B14, Trade, 259064.733, 140, B14, S09, 1
B14, Trade, 259066.167, 132, S24, B14, 1
B14, Trade, 259074.283, 138, B14, S18, 1
B14, Trade, 259077.667, 134, B14, S04, 1
B14, Trade, 259084.333, 138, B14, S18, 1
B14, Trade, 259087.833, 139, B14, S10, 1
B14, Trade, 259095.650, 110, S07, B14, 1
B14, Trade, 259099.167, 134, S08, B14, 1
B14, Trade, 259103.683, 140, B14, S11, 1
B14, Trade, 259108.733, 136, B14, S21, 1
B14, Trade, 259114.583, 137, B14, S09, 1
B14, Trade, 259119.283, 140, B14, S17, 1
B14, Trade, 259122.650, 134, S07, B14, 1
B14, Trade, 259131.183, 136, S08, B14, 1
B14, Trade, 259135.917, 125, S25, B14, 1
B14, Trade, 259138.967, 140, S07, B14, 1
B14, Trade, 259147.067, 72, S03, B14, 1
B14, Trade, 259151.567, 140, B14, S28, 1
B14, Trade, 259154.117, 129, S16, B14, 1
B14, Trade, 259159.667, 134, B14, S00, 1
B14, Trade, 259165.317, 140, B14, S29, 1
B14, Trade, 259166.517, 140, S07, B14, 1
B14, Trade, 259174.467, 131, S16, B14, 1
B14, Trade, 259178.017, 120, S07, B14, 1
B14, Trade, 259186.450, 79, S19, B14, 1
B14, Trade, 259187.983, 138, B14, S10, 1
B14, Trade, 259195.917, 136, B14, S25, 1
B14, Trade, 259198.783, 138, B14, S12, 1
B15, 100
B15, Trade, 258158.850, 109, B15, S09, 1
B15, Trade, 258173.433, 80, B15, S21, 1
B15, Trade, 258183.467, 122, S15, B15, 1
B15, Trade, 258195.033, 120, B15, S22, 1
B15, Trade, 258206.683, 76, B15, S18, 1
B15, Trade, 258207.717, 64, S27, B15, 1
B15, Trade, 258218.867, 90, B15, S00, 1
B15, Trade, 258236.417, 107, B15, S12, 1
B15, Trade, 258239.933, 117, B15, S22, 1
B15, Trade, 258247.267, 101, B15, S21, 1
B15, Trade, 258248.983, 119, B15, S06, 1
B15, Trade, 258260.383, 127, B15, S22, 1
B15, Trade, 258270.667, 78, B15, S27, 1
B15, Trade, 258292.883, 104, B15, S04, 1
B15, Trade, 258296.467, 85, B15, S12, 1
B15, Trade, 258303.833, 100, B15, S10, 1
B15, Trade, 258317.050, 115, B15, S20, 1
B15, Trade, 258337.133, 112, B15, S18, 1
B15, Trade, 258338.450, 106, B15, S06, 1
B15, Trade, 258344.267, 112, B15, S11, 1
B15, Trade, 258365.650, 100, B15, S13, 1
B15, Trade, 258382.817, 98, B15, S10, 1
B15, Trade, 258402.900, 111, B15, S21, 1
B15, Trade, 258405.400, 112, B15, S25, 1
B15, Trade, 258414.000, 112, B15, S10, 1
B15, Trade, 258426.267, 115, B15, S14, 1
B15, Trade, 258429.200, 125, S16, B15, 1
B15, Trade, 258441.333, 109, B15, S10, 1
B15, Trade, 258458.483, 114, B15, S14, 1
B15, Trade, 258477.483, 105, B15, S17, 1
B15, Trade, 258486.067, 103, B15, S10, 1
B15, Trade, 258491.967, 69, B15, S02, 1
B15, Trade, 258499.733, 123, B15, S13, 1
B15, Trade, 258502.300, 112, S22, B15, 1
B15, Trade, 258514.700, 120, B15, S20, 1
B15, Trade, 258519.333, 85, B15, S09, 1
B15, Trade, 258534.317, 115, B15, S22, 1
B15, Trade, 258542.667, 88, B15, S13, 1
B15, Trade, 258559.817, 115, B15, S15, 1
B15, Trade, 258575.317, 96, B15, S26, 1
B15, Trade, 258585.367, 116, B15, S06, 1
B15, Trade, 258593.700, 97, B15, S26, 1
B15, Trade, 258598.517, 85, B15, S26, 1
B15, Trade, 258608.367, 94, B15, S02, 1
B15, Trade, 258612.733, 124, B15, S25, 1
B15, Trade, 258625.500, 106, S09, B15, 1
B15, Trade, 258631.617, 97, B15, S05, 1
B15, Trade, 258638.467, 104, S24, B15, 1
B15, Trade, 258646.950, 123, B15, S02, 1
B15, Trade, 258660.833, 123, B15, S21, 1
B15, Trade, 258677.533, 115, S23, B15, 1
B15, Trade, 258689.583, 129, B15, S22, 1
B15, Trade, 258692.167, 69, S07, B15, 1
B15, Trade, 258697.767, 115, B15, S23, 1
B15, Trade, 258713.083, 109, B15, S20, 1
B15, Trade, 258730.967, 95, B15, S08, 1
B15, Trade, 258741.050, 93, B15, S13, 1
B15, Trade, 258755.583, 128, B15, S18, 1
B15, Trade, 258769.483, 107, B15, S10, 1
B15, Trade, 258777.483, 91, B15, S11, 1
B15, Trade, 258784.717, 82, B15, S18, 1
B15, Trade, 258798.733, 117, B15, S05, 1
B15, Trade, 258813.900, 101, B15, S23, 1
B15, Trade, 258822.550, 81, B15, S02, 1
B15, Trade, 258837.967, 113, B15, S13, 1
B15, Trade, 258863.583, 123, B15, S24, 1
B15, Trade, 258867.283, 119, B15, S04, 1
B15, Trade, 258874.400, 107, B15, S02, 1
B15, Trade, 258879.117, 120, S07, B15, 1
B15, Trade, 258884.983, 114, B15, S11, 1
B15, Trade, 258918.667, 90, B15, S02, 1
B15, Trade, 258937.283, 113, B15, S26, 1
B15, Trade, 258943.883, 113, B15, S04, 1
B15, Trade, 258952.100, 97, B15, S04, 1
B15, Trade, 258957.267, 104, B15, S27, 1
B15, Trade, 258967.533, 103, B15, S27, 1
B15, Trade, 258977.800, 75, B15, S27, 1
B15, Trade, 258988.017, 115, B15, S04, 1
B15, Trade, 258995.533, 107, B15, S26, 1
B15, Trade, 259000.650, 109, B15, S21, 1
B15, Trade, 259010.183, 115, B15, S26, 1
B15, Trade, 259014.550, 127, S24, B15, 1
B15, Trade, 259019.283, 75, B15, S06, 1
B15, Trade, 259025.817, 113, B15, S06, 1
B15, Trade, 259034.117, 112, B15, S04, 1
B15, Trade, 259042.483, 83, B15, S26, 1
B15, Trade, 259058.000, 117, B15, S04, 1
B15, Trade, 259065.750, 118, B15, S10, 1
B15, Trade, 259079.867, 107, B15, S18, 1
B15, Trade, 259092.833, 124, B15, S10, 1
B15, Trade, 259101.800, 96, B15, S09, 1
B15, Trade, 259109.283, 116, B15, S15, 1
B15, Trade, 259118.850, 127, B15, S18, 1
B15, Trade, 259127.567, 88, B15, S05, 1
B15, Trade, 259139.400, 107, B15, S11, 1
B15, Trade, 259142.017, 115, S08, B15, 1
B15, Trade, 259153.733, 132, B15, S26, 1
B15, Trade, 259167.033, 112, B15, S18, 1
B15, Trade, 259173.933, 100, B15, S17, 1
B15, Trade, 259193.517, 82, B15, S22, 1
B16, 100
B16, Trade, 258212.767, 114, B16, S13, 1
B16, Trade, 258218.417, 112, B16, S20, 1
B16, Trade, 258224.700, 107, S17, B16, 1
B16, Trade, 258233.683, 127, B16, S20, 1
B16, Trade, 258242.117, 127, S07, B16, 1
B16, Trade, 258261.083, 109, B16, S13, 1
B16, Trade, 258265.467, 104, B16, S26, 1
B16, Trade, 258268.633, 107, B16, S22, 1
B16, Trade, 258272.250, 86, B16, S06, 1
B16, Trade, 258286.850, 127, S09, B16, 1
B16, Trade, 258290.267, 125, B16, S13, 1
B16, Trade, 258296.317, 121, S24, B16, 1
B16, Trade, 258301.000, 139, S16, B16, 1
B16, Trade, 258312.350, 112, B16, S11, 1
B16, Trade, 258317.233, 139, B16, S25, 1
B16, Trade, 258323.833, 118, B16, S21, 1
B16, Trade, 258330.583, 132, B16, S07, 1
B16, Trade, 258351.783, 123, B16, S05, 1
B16, Trade, 258375.483, 62, B16, S02, 1
B16, Trade, 258382.517, 103, B16, S04, 1
B16, Trade, 258398.133, 137, B16, S06, 1
B16, Trade, 258404.450, 122, S07, B16, 1
B16, Trade, 258435.550, 121, B16, S22, 1
B16, Trade, 258446.183, 88, S25, B16, 1
B16, Trade, 258451.517, 134, B16, S13, 1
B16, Trade, 258472.117, 136, B16, S12, 1
B16, Trade, 258478.700, 98, S03, B16, 1
B16, Trade, 258490.900, 120, S17, B16, 1
B16, Trade, 258495.750, 99, S08, B16, 1
B16, Trade, 258499.117, 136, B16, S06, 1
B16, Trade, 258512.383, 132, B16, S17, 1
B16, Trade, 258517.683, 99, B16, S06, 1
B16, Trade, 258526.217, 130, B16, S27, 1
B16, Trade, 258532.083, 136, B16, S04, 1
B16, Trade, 258536.350, 108, B16, S06, 1
B16, Trade, 258540.700, 120, S24, B16, 1
B16, Trade, 258547.200, 137, B16, S26, 1
B16, Trade, 258551.967, 118, B16, S18, 1
B16, Trade, 258553.417, 123, S08, B16, 1
B16, Trade, 258562.950, 112, B16, S22, 1
B16, Trade, 258586.500, 122, B16, S13, 1
B16, Trade, 258604.067, 129, S24, B16, 1
B16, Trade, 258612.600, 132, S03, B16, 1
B16, Trade, 258618.567, 121, B16, S02, 1
B16, Trade, 258622.933, 119, B16, S26, 1
B16, Trade, 258634.000, 110, B16, S12, 1
B16, Trade, 258638.650, 77, B16, S26, 1
B16, Trade, 258655.017, 126, B16, S02, 1
B16, Trade, 258673.783, 97, B16, S21, 1
B16, Trade, 258691.733, 63, S04, B16, 1
B16, Trade, 258697.317, 130, S14, B16, 1
B16, Trade, 258703.800, 120, B16, S27, 1
B16, Trade, 258711.467, 119, B16, S29, 1
B16, Trade, 258719.350, 116, S24, B16, 1
B16, Trade, 258731.800, 91, B16, S26, 1
B16, Trade, 258739.350, 132, B16, S23, 1
B16, Trade, 258744.317, 112, B16, S28, 1
B16, Trade, 258753.317, 119, B16, S02, 1
B16, Trade, 258762.317, 111, B16, S26, 1
B16, Trade, 258774.683, 114, S27, B16, 1
B16, Trade, 258790.517, 106, S08, B16, 1
B16, Trade, 258798.767, 116, B16, S10, 1
B16, Trade, 258802.817, 108, B16, S26, 1
B16, Trade, 258814.267, 90, B16, S13, 1
B16, Trade, 258824.933, 65, S13, B16, 1
B16, Trade, 258839.033, 133, S01, B16, 1
B16, Trade, 258847.883, 121, B16, S20, 1
B16, Trade, 258861.967, 115, B16, S23, 1
B16, Trade, 258867.667, 119, B16, S21, 1
B16, Trade, 258872.117, 115, B16, S23, 1
B16, Trade, 258878.533, 108, B16, S11, 1
B16, Trade, 258906.817, 107, B16, S18, 1
B16, Trade, 258909.533, 122, B16, S00, 1
B16, Trade, 258916.233, 127, B16, S19, 1
B16, Trade, 258926.933, 129, B16, S16, 1
B16, Trade, 258940.400, 108, B16, S05, 1
B16, Trade, 258945.017, 124, S07, B16, 1
B16, Trade, 258949.733, 101, B16, S06, 1
B16, Trade, 258957.567, 92, B16, S12, 1
B16, Trade, 258962.717, 116, B16, S15, 1
B16, Trade, 258966.217, 109, S08, B16, 1
B16, Trade, 258971.850, 128, B16, S11, 1
B16, Trade, 258977.233, 97, S25, B16, 1
B16, Trade, 258985.550, 137, B16, S22, 1
B16, Trade, 258995.033, 131, B16, S22, 1
B16, Trade, 259003.150, 92, B16, S10, 1
B16, Trade, 259017.300, 98, S15, B16, 1
B16, Trade, 259023.933, 137, B16, S22, 1
B16, Trade, 259042.750, 136, S07, B16, 1
B16, Trade, 259049.000, 118, B16, S18, 1
B16, Trade, 259061.350, 124, B16, S06, 1
B16, Trade, 259085.550, 124, B16, S02, 1
B16, Trade, 259120.117, 126, B16, S19, 1
B16, Trade, 259128.550, 119, B16, S12, 1
B16, Trade, 259134.000, 121, B16, S27, 1
B16, Trade, 259144.867, 88, S14, B16, 1
B16, Trade, 259162.433, 104, S23, B16, 1
B16, Trade, 259164.667, 128, S03, B16, 1
B16, Trade, 259167.683, 117, B16, S26, 1
B16, Trade, 259192.867, 89, B16, S10, 1
B17, 100
B17, Trade, 258210.100, 86, S00, B17, 1
B17, Trade, 258222.300, 98, S24, B17, 1
B17, Trade, 258233.817, 76, B17, S06, 1
B17, Trade, 258258.400, 125, B17, S00, 1
B17, Trade, 258290.517, 125, B17, S13, 1
B17, Trade, 258299.367, 124, B17, S10, 1
B17, Trade, 258315.833, 118, B17, S04, 1
B17, Trade, 258321.083, 95, B17, S26, 1
B17, Trade, 258331.750, 125, B17, S02, 1
B17, Trade, 258343.983, 109, B17, S28, 1
B17, Trade, 258349.817, 106, B17, S27, 1
B17, Trade, 258351.483, 123, B17, S19, 1
B17, Trade, 258360.200, 125, B17, S20, 1
B17, Trade, 258365.817, 97, B17, S06, 1
B17, Trade, 258373.150, 107, S20, B17, 1
B17, Trade, 258381.800, 107, B17, S27, 1
B17, Trade, 258390.150, 118, B17, S17, 1
B17, Trade, 258421.700, 135, B17, S26, 1
B17, Trade, 258444.400, 119, B17, S17, 1
B17, Trade, 258458.083, 87, B17, S21, 1
B17, Trade, 258460.267, 115, B17, S29, 1
B17, Trade, 258466.817, 92, B17, S23, 1
B17, Trade, 258479.067, 95, B17, S10, 1
B17, Trade, 258488.083, 108, B17, S26, 1
B17, Trade, 258489.283, 116, B17, S06, 1
B17, Trade, 258500.700, 128, B17, S07, 1
B17, Trade, 258505.250, 115, B17, S12, 1
B17, Trade, 258513.133, 121, B17, S25, 1
B17, Trade, 258530.300, 127, B17, S20, 1
B17, Trade, 258540.667, 87, B17, S21, 1
B17, Trade, 258557.717, 124, B17, S22, 1
B17, Trade, 258563.417, 64, S10, B17, 1
B17, Trade, 258571.133, 133, S07, B17, 1
B17, Trade, 258587.033, 110, B17, S18, 1
B17, Trade, 258596.500, 114, B17, S05, 1
B17, Trade, 258612.683, 134, S16, B17, 1
B17, Trade, 258620.817, 113, S16, B17, 1
B17, Trade, 258626.667, 132, B17, S02, 1
B17, Trade, 258631.800, 89, B17, S26, 1
B17, Trade, 258638.833, 91, S19, B17, 1
B17, Trade, 258640.517, 72, S12, B17, 1
B17, Trade, 258652.783, 122, B17, S25, 1
B17, Trade, 258667.667, 88, B17, S21, 1
B17, Trade, 258674.233, 96, B17, S18, 1
B17, Trade, 258689.133, 135, B17, S12, 1
B17, Trade, 258696.850, 113, B17, S11, 1
B17, Trade, 258707.133, 109, B17, S10, 1
B17, Trade, 258717.283, 111, B17, S17, 1
B17, Trade, 258725.200, 112, B17, S04, 1
B17, Trade, 258730.133, 121, S25, B17, 1
B17, Trade, 258741.233, 91, B17, S05, 1
B17, Trade, 258745.233, 122, B17, S18, 1
B17, Trade, 258748.850, 126, B17, S13, 1
B17, Trade, 258756.733, 109, S16, B17, 1
B17, Trade, 258771.667, 115, S24, B17, 1
B17, Trade, 258781.100, 111, B17, S20, 1
B17, Trade, 258791.183, 116, S19, B17, 1
B17, Trade, 258795.183, 106, B17, S04, 1
B17, Trade, 258814.983, 91, S07, B17, 1
B17, Trade, 258822.467, 87, B17, S26, 1
B17, Trade, 258826.733, 110, B17, S25, 1
B17, Trade, 258844.567, 104, B17, S10, 1
B17, Trade, 258860.450, 116, B17, S12, 1
B17, Trade, 258868.900, 122, B17, S12, 1
B17, Trade, 258877.700, 121, S03, B17, 1
B17, Trade, 258880.550, 94, B17, S06, 1
B17, Trade, 258888.000, 112, B17, S27, 1
B17, Trade, 258891.767, 99, B17, S17, 1
B17, Trade, 258897.817, 118, S29, B17, 1
B17, Trade, 258905.883, 113, B17, S21, 1
B17, Trade, 258911.917, 117, B17, S26, 1
B17, Trade, 258922.533, 126, B17, S05, 1
B17, Trade, 258929.267, 124, B17, S00, 1
B17, Trade, 258935.817, 109, B17, S10, 1
B17, Trade, 258939.000, 99, B17, S22, 1
B17, Trade, 258952.533, 111, B17, S17, 1
B17, Trade, 258964.883, 123, B17, S00, 1
B17, Trade, 258970.517, 102, S05, B17, 1
B17, Trade, 258975.350, 112, B17, S17, 1
B17, Trade, 258987.900, 136, B17, S24, 1
B17, Trade, 259000.350, 123, S08, B17, 1
B17, Trade, 259011.683, 118, B17, S13, 1
B17, Trade, 259020.450, 76, B17, S17, 1
B17, Trade, 259031.400, 128, B17, S02, 1
B17, Trade, 259041.950, 90, B17, S25, 1
B17, Trade, 259050.500, 127, B17, S23, 1
B17, Trade, 259061.750, 105, B17, S11, 1
B17, Trade, 259080.433, 114, B17, S21, 1
B17, Trade, 259093.967, 105, B17, S29, 1
B17, Trade, 259097.100, 82, B17, S06, 1
B17, Trade, 259110.350, 118, B17, S02, 1
B17, Trade, 259122.500, 93, B17, S18, 1
B17, Trade, 259126.767, 108, B17, S22, 1
B17, Trade, 259139.283, 121, B17, S13, 1
B17, Trade, 259145.667, 61, S26, B17, 1
B17, Trade, 259148.517, 73, B17, S13, 1
B17, Trade, 259155.533, 113, B17, S10, 1
B17, Trade, 259158.450, 103, B17, S19, 1
B17, Trade, 259176.783, 106, B17, S04, 1
B17, Trade, 259194.383, 85, S27, B17, 1
B18, 100
B18, Trade, 258160.783, 101, B18, S06, 1
B18, Trade, 258161.900, 123, B18, S00, 1
B18, Trade, 258185.617, 81, B18, S10, 1
B18, Trade, 258200.217, 113, B18, S29, 1
B18, Trade, 258206.417, 96, B18, S12, 1
B18, Trade, 258209.150, 88, S23, B18, 1
B18, Trade, 258221.683, 89, B18, S09, 1
B18, Trade, 258227.133, 134, B18, S27, 1
B18, Trade, 258237.433, 100, B18, S13, 1
B18, Trade, 258250.767, 93, B18, S10, 1
B18, Trade, 258254.783, 122, B18, S26, 1
B18, Trade, 258260.883, 110, B18, S04, 1
B18, Trade, 258265.383, 111, B18, S22, 1
B18, Trade, 258272.733, 80, B18, S04, 1
B18, Trade, 258284.450, 125, B18, S11, 1
B18, Trade, 258296.217, 86, B18, S19, 1
B18, Trade, 258297.983, 88, B18, S18, 1
B18, Trade, 258308.117, 121, B18, S05, 1
B18, Trade, 258320.500, 125, B18, S22, 1
B18, Trade, 258329.950, 119, B18, S26, 1
B18, Trade, 258337.217, 90, B18, S21, 1
B18, Trade, 258350.733, 87, B18, S29, 1
B18, Trade, 258357.033, 103, B18, S19, 1
B18, Trade, 258363.117, 130, B18, S25, 1
B18, Trade, 258370.683, 108, B18, S04, 1
B18, Trade, 258376.450, 75, B18, S06, 1
B18, Trade, 258384.333, 114, B18, S21, 1
B18, Trade, 258388.367, 115, B18, S12, 1
B18, Trade, 258391.783, 131, S07, B18, 1
B18, Trade, 258403.400, 110, B18, S12, 1
B18, Trade, 258414.950, 100, B18, S13, 1
B18, Trade, 258435.967, 85, B18, S02, 1
B18, Trade, 258446.067, 83, B18, S10, 1
B18, Trade, 258454.567, 103, B18, S23, 1
B18, Trade, 258459.550, 88, B18, S26, 1
B18, Trade, 258477.100, 118, B18, S02, 1
B18, Trade, 258482.883, 122, B18, S21, 1
B18, Trade, 258508.417, 106, B18, S26, 1
B18, Trade, 258520.900, 126, S11, B18, 1
B18, Trade, 258540.000, 94, B18, S05, 1
B18, Trade, 258541.667, 108, B18, S19, 1
B18, Trade, 258548.583, 127, B18, S17, 1
B18, Trade, 258563.233, 83, B18, S27, 1
B18, Trade, 258568.567, 136, B18, S27, 1
B18, Trade, 258575.183, 97, B18, S12, 1
B18, Trade, 258589.717, 94, B18, S12, 1
B18, Trade, 258593.600, 103, B18, S04, 1
B18, Trade, 258612.917, 115, B18, S27, 1
B18, Trade, 258631.267, 105, B18, S13, 1
B18, Trade, 258637.817, 112, B18, S09, 1
B18, Trade, 258648.367, 90, B18, S10, 1
B18, Trade, 258662.600, 104, S05, B18, 1
B18, Trade, 258668.983, 85, B18, S26, 1
B18, Trade, 258671.983, 100, B18, S06, 1
B18, Trade, 258690.283, 110, B18, S15, 1
B18, Trade, 258703.317, 110, B18, S06, 1
B18, Trade, 258735.367, 92, B18, S06, 1
B18, Trade, 258745.150, 112, B18, S26, 1
B18, Trade, 258758.700, 82, B18, S09, 1
B18, Trade, 258777.317, 109, B18, S14, 1
B18, Trade, 258790.367, 106, B18, S16, 1
B18, Trade, 258797.383, 119, B18, S20, 1
B18, Trade, 258799.833, 96, B18, S22, 1
B18, Trade, 258813.917, 94, B18, S21, 1
B18, Trade, 258822.100, 109, B18, S22, 1
B18, Trade, 258829.767, 105, B18, S27, 1
B18, Trade, 258837.250, 110, B18, S04, 1
B18, Trade, 258840.883, 119, B18, S27, 1
B18, Trade, 258856.933, 110, B18, S28, 1
B18, Trade, 258863.817, 88, B18, S13, 1
B18, Trade, 258869.617, 127, B18, S17, 1
B18, Trade, 258878.883, 105, B18, S21, 1
B18, Trade, 258896.183, 121, B18, S04, 1
B18, Trade, 258910.633, 106, B18, S09, 1
B18, Trade, 258926.467, 115, B18, S02, 1
B18, Trade, 258965.017, 108, B18, S29, 1
B18, Trade, 258972.017, 105, B18, S06, 1
B18, Trade, 258987.750, 118, B18, S02, 1
B18, Trade, 259000.300, 121, S07, B18, 1
B18, Trade, 259011.600, 121, B18, S17, 1
B18, Trade, 259015.767, 94, B18, S06, 1
B18, Trade, 259019.133, 90, B18, S02, 1
B18, Trade, 259041.317, 110, B18, S06, 1
B18, Trade, 259055.567, 116, S24, B18, 1
B18, Trade, 259066.683, 125, B18, S22, 1
B18, Trade, 259072.517, 124, B18, S10, 1
B18, Trade, 259091.317, 114, B18, S27, 1
B18, Trade, 259095.083, 94, B18, S06, 1
B18, Trade, 259101.450, 129, B18, S27, 1
B18, Trade, 259114.067, 94, B18, S17, 1
B18, Trade, 259121.500, 105, B18, S21, 1
B18, Trade, 259126.000, 118, B18, S02, 1
B18, Trade, 259129.517, 108, B18, S02, 1
B18, Trade, 259136.417, 122, B18, S04, 1
B18, Trade, 259143.050, 93, B18, S19, 1
B18, Trade, 259159.900, 100, B18, S25, 1
B18, Trade, 259170.267, 105, B18, S04, 1
B18, Trade, 259173.467, 98, B18, S11, 1
B18, Trade, 259185.883, 118, B18, S23, 1
B18, Trade, 259191.850, 95, B18, S02, 1
B19, 100
B19, Trade, 258431.217, 97, B19, S21, 1
B19, Trade, 258435.400, 99, B19, S18, 1
B19, Trade, 258444.933, 106, B19, S04, 1
B19, Trade, 258452.683, 118, B19, S22, 1
B19, Trade, 258457.017, 114, B19, S18, 1
B19, Trade, 258464.167, 112, B19, S06, 1
B19, Trade, 258466.050, 90, B19, S25, 1
B19, Trade, 258484.100, 110, B19, S13, 1
B19, Trade, 258490.383, 125, S16, B19, 1
B19, Trade, 258495.433, 86, B19, S27, 1
B19, Trade, 258502.800, 92, B19, S06, 1
B19, Trade, 258509.000, 121, B19, S05, 1
B19, Trade, 258517.033, 109, B19, S23, 1
B19, Trade, 258520.350, 125, B19, S10, 1
B19, Trade, 258525.317, 127, B19, S20, 1
B19, Trade, 258532.533, 113, B19, S26, 1
B19, Trade, 258539.533, 110, B19, S11, 1
B19, Trade, 258548.600, 114, B19, S27, 1
B19, Trade, 258551.717, 124, B19, S19, 1
B19, Trade, 258560.167, 111, B19, S02, 1
B19, Trade, 258568.050, 130, B19, S26, 1
B19, Trade, 258572.850, 115, B19, S17, 1
B19, Trade, 258574.683, 99, B19, S02, 1
B19, Trade, 258581.550, 122, B19, S04, 1
B19, Trade, 258589.000, 106, B19, S13, 1
B19, Trade, 258592.900, 109, B19, S20, 1
B19, Trade, 258599.900, 122, B19, S21, 1
B19, Trade, 258606.033, 109, B19, S10, 1
B19, Trade, 258612.183, 120, B19, S09, 1
B19, Trade, 258624.567, 124, B19, S17, 1
B19, Trade, 258636.667, 112, B19, S11, 1
B19, Trade, 258644.383, 110, B19, S10, 1
B19, Trade, 258656.117, 124, B19, S06, 1
B19, Trade, 258660.983, 114, B19, S06, 1
B19, Trade, 258666.883, 83, B19, S04, 1
B19, Trade, 258670.933, 69, S10, B19, 1
B19, Trade, 258686.567, 119, B19, S13, 1
B19, Trade, 258694.200, 122, B19, S18, 1
B19, Trade, 258709.733, 89, B19, S10, 1
B19, Trade, 258714.100, 96, B19, S13, 1
B19, Trade, 258718.883, 108, B19, S04, 1
B19, Trade, 258725.300, 98, B19, S12, 1
B19, Trade, 258731.967, 86, B19, S13, 1
B19, Trade, 258741.000, 115, B19, S20, 1
B19, Trade, 258748.333, 124, B19, S12, 1
B19, Trade, 258753.933, 118, B19, S20, 1
B19, Trade, 258756.750, 95, B19, S14, 1
B19, Trade, 258760.367, 91, B19, S05, 1
B19, Trade, 258765.733, 111, B19, S06, 1
B19, Trade, 258775.133, 103, B19, S06, 1
B19, Trade, 258792.950, 126, B19, S25, 1
B19, Trade, 258802.217, 109, B19, S21, 1
B19, Trade, 258811.833, 112, B19, S05, 1
B19, Trade, 258819.450, 131, B19, S02, 1
B19, Trade, 258829.417, 114, B19, S09, 1
B19, Trade, 258839.233, 106, B19, S27, 1
B19, Trade, 258843.400, 101, S19, B19, 1
B19, Trade, 258847.567, 125, B19, S10, 1
B19, Trade, 258852.333, 95, B19, S21, 1
B19, Trade, 258859.300, 115, B19, S27, 1
B19, Trade, 258861.700, 116, B19, S10, 1
B19, Trade, 258867.683, 109, B19, S10, 1
B19, Trade, 258875.067, 99, B19, S10, 1
B19, Trade, 258884.483, 113, B19, S14, 1
B19, Trade, 258888.517, 99, B19, S13, 1
B19, Trade, 258899.250, 101, B19, S13, 1
B19, Trade, 258908.233, 100, B19, S26, 1
B19, Trade, 258940.283, 106, B19, S27, 1
B19, Trade, 258947.267, 117, B19, S10, 1
B19, Trade, 258955.717, 104, B19, S23, 1
B19, Trade, 258960.600, 119, B19, S10, 1
B19, Trade, 258965.583, 105, B19, S12, 1
B19, Trade, 258975.367, 95, B19, S21, 1
B19, Trade, 258981.267, 100, B19, S02, 1
B19, Trade, 258987.433, 125, B19, S28, 1
B19, Trade, 258995.633, 97, B19, S09, 1
B19, Trade, 258999.550, 111, B19, S21, 1
B19, Trade, 259018.267, 93, B19, S18, 1
B19, Trade, 259025.800, 118, B19, S02, 1
B19, Trade, 259032.783, 106, B19, S12, 1
B19, Trade, 259040.350, 121, B19, S09, 1
B19, Trade, 259046.367, 118, B19, S21, 1
B19, Trade, 259057.250, 119, B19, S17, 1
B19, Trade, 259059.867, 119, B19, S02, 1
B19, Trade, 259066.017, 116, B19, S12, 1
B19, Trade, 259068.667, 97, B19, S20, 1
B19, Trade, 259082.983, 104, B19, S00, 1
B19, Trade, 259085.633, 108, B19, S09, 1
B19, Trade, 259093.033, 110, B19, S26, 1
B19, Trade, 259101.700, 114, B19, S19, 1
B19, Trade, 259109.333, 113, B19, S04, 1
B19, Trade, 259125.750, 122, B19, S06, 1
B19, Trade, 259142.833, 120, B19, S17, 1
B19, Trade, 259154.917, 108, B19, S06, 1
B19, Trade, 259161.650, 100, B19, S21, 1
B19, Trade, 259173.200, 114, B19, S19, 1
B19, Trade, 259180.850, 107, B19, S25, 1
B19, Trade, 259188.917, 113, B19, S12, 1
B19, Trade, 259191.733, 122, B19, S13, 1
B19, Trade, 259194.850, 83, B19, S12, 1
B20, 100
B20, Trade, 258643.400, 138, B20, S08, 1
B20, Trade, 258654.350, 116, B20, S26, 1
B20, Trade, 258662.583, 98, B20, S27, 1
B20, Trade, 258668.917, 87, B20, S25, 1
B20, Trade, 258675.917, 82, B20, S11, 1
B20, Trade, 258680.583, 129, B20, S23, 1
B20, Trade, 258688.583, 140, B20, S04, 1
B20, Trade, 258690.033, 111, B20, S19, 1
B20, Trade, 258694.817, 125, B20, S22, 1
B20, Trade, 258699.983, 124, B20, S23, 1
B20, Trade, 258708.767, 90, B20, S04, 1
B20, Trade, 258713.400, 97, B20, S27, 1
B20, Trade, 258716.683, 116, B20, S21, 1
B20, Trade, 258721.617, 107, B20, S06, 1
B20, Trade, 258724.583, 123, B20, S14, 1
B20, Trade, 258732.200, 82, B20, S05, 1
B20, Trade, 258743.483, 117, B20, S17, 1
B20, Trade, 258746.050, 104, B20, S23, 1
B20, Trade, 258752.783, 122, B20, S21, 1
B20, Trade, 258758.383, 106, B20, S05, 1
B20, Trade, 258764.767, 140, B20, S00, 1
B20, Trade, 258768.850, 137, B20, S27, 1
B20, Trade, 258774.050, 112, B20, S00, 1
B20, Trade, 258775.950, 139, B20, S28, 1
B20, Trade, 258780.850, 117, B20, S29, 1
B20, Trade, 258788.350, 112, B20, S25, 1
B20, Trade, 258789.900, 120, B20, S15, 1
B20, Trade, 258797.333, 120, B20, S26, 1
B20, Trade, 258801.667, 119, B20, S06, 1
B20, Trade, 258806.983, 112, B20, S20, 1
B20, Trade, 258810.250, 109, B20, S19, 1
B20, Trade, 258819.417, 132, B20, S25, 1
B20, Trade, 258823.550, 134, B20, S14, 1
B20, Trade, 258828.250, 129, B20, S27, 1
B20, Trade, 258833.933, 117, B20, S06, 1
B20, Trade, 258836.783, 120, B20, S21, 1
B20, Trade, 258844.583, 99, B20, S02, 1
B20, Trade, 258845.467, 103, B20, S18, 1
B20, Trade, 258855.483, 126, B20, S06, 1
B20, Trade, 258857.750, 105, B20, S29, 1
B20, Trade, 258871.017, 115, B20, S00, 1
B20, Trade, 258874.233, 112, B20, S12, 1
B20, Trade, 258882.800, 130, B20, S18, 1
B20, Trade, 258885.600, 114, B20, S02, 1
B20, Trade, 258890.683, 121, B20, S21, 1
B20, Trade, 258899.817, 84, B20, S04, 1
B20, Trade, 258904.400, 121, B20, S21, 1
B20, Trade, 258910.000, 134, B20, S11, 1
B20, Trade, 258913.667, 107, B20, S11, 1
B20, Trade, 258920.900, 127, B20, S02, 1
B20, Trade, 258924.400, 120, B20, S11, 1
B20, Trade, 258928.550, 125, B20, S09, 1
B20, Trade, 258931.083, 133, B20, S27, 1
B20, Trade, 258940.317, 100, B20, S18, 1
B20, Trade, 258944.917, 93, B20, S02, 1
B20, Trade, 258946.333, 134, B20, S12, 1
B20, Trade, 258952.767, 98, B20, S21, 1
B20, Trade, 258958.517, 90, B20, S26, 1
B20, Trade, 258963.133, 131, B20, S08, 1
B20, Trade, 258966.183, 100, B20, S22, 1
B20, Trade, 258973.450, 119, B20, S21, 1
B20, Trade, 258980.767, 115, B20, S21, 1
B20, Trade, 258983.600, 136, B20, S18, 1
B20, Trade, 258991.183, 140, B20, S02, 1
B20, Trade, 259000.367, 112, B20, S13, 1
B20, Trade, 259001.750, 105, B20, S29, 1
B20, Trade, 259007.417, 140, B20, S19, 1
B20, Trade, 259013.967, 123, B20, S22, 1
B20, Trade, 259021.483, 136, S01, B20, 1
B20, Trade, 259023.633, 138, B20, S23, 1
B20, Trade, 259025.783, 140, B20, S12, 1
B20, Trade, 259038.367, 140, B20, S19, 1
B20, Trade, 259040.217, 132, B20, S12, 1
B20, Trade, 259043.833, 126, B20, S20, 1
B20, Trade, 259046.650, 119, S29, B20, 1
B20, Trade, 259058.567, 111, B20, S13, 1
B20, Trade, 259064.167, 139, B20, S13, 1
B20, Trade, 259072.183, 136, S03, B20, 1
B20, Trade, 259084.467, 136, B20, S21, 1
B20, Trade, 259087.033, 115, B20, S04, 1
B20, Trade, 259092.050, 112, B20, S19, 1
B20, Trade, 259097.800, 103, B20, S11, 1
B20, Trade, 259103.667, 140, B20, S10, 1
B20, Trade, 259112.733, 125, B20, S11, 1
B20, Trade, 259115.367, 125, B20, S27, 1
B20, Trade, 259117.867, 131, B20, S02, 1
B20, Trade, 259124.517, 131, B20, S13, 1
B20, Trade, 259130.333, 133, B20, S09, 1
B20, Trade, 259133.150, 126, B20, S29, 1
B20, Trade, 259137.667, 130, B20, S02, 1
B20, Trade, 259147.817, 70, B20, S26, 1
B20, Trade, 259150.917, 131, B20, S10, 1
B20, Trade, 259154.650, 121, B20, S27, 1
B20, Trade, 259156.600, 113, B20, S21, 1
B20, Trade, 259164.933, 113, B20, S06, 1
B20, Trade, 259169.500, 122, B20, S25, 1
B20, Trade, 259176.017, 109, B20, S10, 1
B20, Trade, 259180.917, 104, B20, S21, 1
B20, Trade, 259182.650, 108, B20, S04, 1
B20, Trade, 259193.467, 90, B20, S24, 1
B21, 100
B21, Trade, 258544.433, 83, B21, S18, 1
B21, Trade, 258548.400, 131, B21, S10, 1
B21, Trade, 258557.233, 131, B21, S04, 1
B21, Trade, 258558.583, 131, B21, S13, 1
B21, Trade, 258572.183, 116, B21, S06, 1
B21, Trade, 258575.867, 128, B21, S13, 1
B21, Trade, 258578.867, 125, B21, S13, 1
B21, Trade, 258585.933, 131, B21, S29, 1
B21, Trade, 258598.233, 108, B21, S18, 1
B21, Trade, 258602.383, 122, B21, S25, 1
B21, Trade, 258605.767, 118, B21, S12, 1
B21, Trade, 258612.167, 122, B21, S21, 1
B21, Trade, 258621.567, 103, B21, S23, 1
B21, Trade, 258627.733, 118, B21, S12, 1
B21, Trade, 258630.583, 131, B21, S20, 1
B21, Trade, 258636.300, 122, B21, S02, 1
B21, Trade, 258644.050, 131, B21, S13, 1
B21, Trade, 258646.967, 122, B21, S17, 1
B21, Trade, 258660.933, 119, B21, S11, 1
B21, Trade, 258664.717, 92, B21, S25, 1
B21, Trade, 258674.050, 97, B21, S27, 1
B21, Trade, 258676.617, 87, B21, S13, 1
B21, Trade, 258683.633, 131, B21, S13, 1
B21, Trade, 258686.850, 116, B21, S19, 1
B21, Trade, 258695.267, 116, B21, S17, 1
B21, Trade, 258699.083, 122, B21, S25, 1
B21, Trade, 258707.033, 112, B21, S05, 1
B21, Trade, 258712.517, 99, B21, S17, 1
B21, Trade, 258717.417, 110, B21, S12, 1
B21, Trade, 258721.800, 103, B21, S09, 1
B21, Trade, 258728.900, 112, B21, S19, 1
B21, Trade, 258732.650, 77, B21, S21, 1
B21, Trade, 258743.617, 114, B21, S25, 1
B21, Trade, 258747.933, 124, B21, S21, 1
B21, Trade, 258753.333, 115, B21, S18, 1
B21, Trade, 258757.983, 89, B21, S12, 1
B21, Trade, 258764.950, 131, B21, S12, 1
B21, Trade, 258770.717, 125, B21, S22, 1
B21, Trade, 258775.633, 131, B21, S09, 1
B21, Trade, 258782.467, 97, B21, S17, 1
B21, Trade, 258785.500, 81, B21, S21, 1
B21, Trade, 258793.383, 125, B21, S02, 1
B21, Trade, 258799.817, 116, B21, S02, 1
B21, Trade, 258805.550, 113, B21, S18, 1
B21, Trade, 258813.533, 109, B21, S04, 1
B21, Trade, 258821.600, 115, B21, S20, 1
B21, Trade, 258829.583, 108, B21, S21, 1
B21, Trade, 258839.400, 102, B21, S12, 1
B21, Trade, 258850.850, 113, B21, S29, 1
B21, Trade, 258851.833, 104, B21, S18, 1
B21, Trade, 258860.333, 127, B21, S21, 1
B21, Trade, 258872.250, 113, B21, S10, 1
B21, Trade, 258877.267, 107, B21, S18, 1
B21, Trade, 258882.250, 126, B21, S04, 1
B21, Trade, 258890.083, 124, B21, S25, 1
B21, Trade, 258895.000, 131, B21, S05, 1
B21, Trade, 258899.167, 105, B21, S02, 1
B21, Trade, 258905.817, 116, B21, S20, 1
B21, Trade, 258917.333, 122, B21, S15, 1
B21, Trade, 258927.083, 111, B21, S23, 1
B21, Trade, 258929.483, 118, B21, S12, 1
B21, Trade, 258935.000, 123, B21, S11, 1
B21, Trade, 258938.900, 104, B21, S14, 1
B21, Trade, 258944.467, 113, B21, S10, 1
B21, Trade, 258954.633, 99, B21, S26, 1
B21, Trade, 258957.133, 120, B21, S11, 1
B21, Trade, 258966.850, 87, B21, S09, 1
B21, Trade, 258973.550, 113, B21, S26, 1
B21, Trade, 258982.767, 127, B21, S20, 1
B21, Trade, 258993.317, 131, B21, S23, 1
B21, Trade, 259006.033, 132, B21, S17, 1
B21, Trade, 259009.000, 132, B21, S21, 1
B21, Trade, 259024.967, 89, B21, S10, 1
B21, Trade, 259028.683, 109, B21, S26, 1
B21, Trade, 259035.050, 105, B21, S27, 1
B21, Trade, 259040.233, 131, B21, S27, 1
B21, Trade, 259045.800, 125, B21, S14, 1
B21, Trade, 259055.083, 118, B21, S02, 1
B21, Trade, 259058.200, 112, B21, S21, 1
B21, Trade, 259065.667, 126, B21, S06, 1
B21, Trade, 259072.667, 120, B21, S19, 1
B21, Trade, 259076.650, 111, B21, S26, 1
B21, Trade, 259082.483, 125, B21, S20, 1
B21, Trade, 259090.550, 125, B21, S13, 1
B21, Trade, 259094.983, 103, B21, S18, 1
B21, Trade, 259099.867, 102, B21, S13, 1
B21, Trade, 259108.750, 130, B21, S18, 1
B21, Trade, 259111.133, 116, B21, S17, 1
B21, Trade, 259119.333, 131, B21, S14, 1
B21, Trade, 259125.650, 123, B21, S26, 1
B21, Trade, 259127.767, 88, B21, S21, 1
B21, Trade, 259134.733, 114, B21, S29, 1
B21, Trade, 259139.267, 131, B21, S04, 1
B21, Trade, 259144.600, 73, B21, S18, 1
B21, Trade, 259153.400, 132, B21, S13, 1
B21, Trade, 259165.367, 107, B21, S22, 1
B21, Trade, 259169.350, 124, B21, S18, 1
B21, Trade, 259177.217, 100, B21, S20, 1
B21, Trade, 259190.567, 116, B21, S26, 1
B21, Trade, 259198.483, 128, B21, S14, 1
B22, 100
B22, Trade, 258672.850, 105, B22, S19, 1
B22, Trade, 258677.250, 91, B22, S06, 1
B22, Trade, 258682.867, 140, B22, S04, 1
B22, Trade, 258688.567, 140, B22, S24, 1
B22, Trade, 258693.633, 107, B22, S21, 1
B22, Trade, 258701.033, 108, B22, S20, 1
B22, Trade, 258703.067, 115, B22, S10, 1
B22, Trade, 258704.117, 127, B22, S11, 1
B22, Trade, 258715.717, 129, B22, S20, 1
B22, Trade, 258724.217, 123, B22, S26, 1
B22, Trade, 258727.217, 123, B22, S06, 1
B22, Trade, 258730.000, 103, B22, S02, 1
B22, Trade, 258734.767, 127, B22, S04, 1
B22, Trade, 258740.433, 116, B22, S26, 1
B22, Trade, 258747.217, 140, B22, S25, 1
B22, Trade, 258749.183, 112, B22, S14, 1
B22, Trade, 258758.367, 107, B22, S27, 1
B22, Trade, 258762.267, 104, B22, S06, 1
B22, Trade, 258764.783, 140, B22, S19, 1
B22, Trade, 258777.100, 110, B22, S21, 1
B22, Trade, 258779.183, 140, B22, S26, 1
B22, Trade, 258789.200, 113, B22, S26, 1
B22, Trade, 258791.817, 101, B22, S21, 1
B22, Trade, 258796.500, 124, B22, S19, 1
B22, Trade, 258801.367, 120, B22, S29, 1
B22, Trade, 258807.933, 111, B22, S12, 1
B22, Trade, 258813.083, 133, B22, S25, 1
B22, Trade, 258817.650, 140, B22, S19, 1
B22, Trade, 258820.133, 138, B22, S07, 1
B22, Trade, 258826.700, 112, B22, S10, 1
B22, Trade, 258835.183, 135, B22, S00, 1
B22, Trade, 258836.867, 119, B22, S20, 1
B22, Trade, 258843.017, 96, B22, S21, 1
B22, Trade, 258847.133, 140, B22, S04, 1
B22, Trade, 258856.000, 118, B22, S21, 1
B22, Trade, 258862.883, 118, B22, S02, 1
B22, Trade, 258869.200, 129, B22, S19, 1
B22, Trade, 258873.700, 125, B22, S09, 1
B22, Trade, 258876.067, 91, B22, S23, 1
B22, Trade, 258881.883, 134, B22, S10, 1
B22, Trade, 258888.783, 132, B22, S00, 1
B22, Trade, 258891.017, 108, B22, S10, 1
B22, Trade, 258897.400, 118, B22, S12, 1
B22, Trade, 258901.333, 94, B22, S25, 1
B22, Trade, 258907.783, 102, B22, S23, 1
B22, Trade, 258914.400, 132, B22, S05, 1
B22, Trade, 258915.950, 128, B22, S10, 1
B22, Trade, 258923.050, 121, B22, S21, 1
B22, Trade, 258925.167, 127, B22, S09, 1
B22, Trade, 258933.700, 136, B22, S10, 1
B22, Trade, 258938.233, 110, B22, S23, 1
B22, Trade, 258943.617, 126, B22, S15, 1
B22, Trade, 258953.517, 99, B22, S13, 1
B22, Trade, 258955.667, 105, B22, S27, 1
B22, Trade, 258960.283, 139, B22, S06, 1
B22, Trade, 258964.517, 137, B22, S14, 1
B22, Trade, 258970.633, 68, B22, S10, 1
B22, Trade, 258972.867, 140, S03, B22, 1
B22, Trade, 258981.000, 102, B22, S09, 1
B22, Trade, 258982.583, 128, B22, S11, 1
B22, Trade, 258989.317, 131, B22, S11, 1
B22, Trade, 258993.117, 134, B22, S13, 1
B22, Trade, 258997.717, 124, B22, S10, 1
B22, Trade, 259001.600, 118, B22, S15, 1
B22, Trade, 259010.017, 116, B22, S12, 1
B22, Trade, 259012.650, 103, B22, S02, 1
B22, Trade, 259021.633, 135, B22, S21, 1
B22, Trade, 259022.650, 120, B22, S05, 1
B22, Trade, 259027.817, 137, B22, S03, 1
B22, Trade, 259032.867, 102, B22, S13, 1
B22, Trade, 259039.483, 140, B22, S23, 1
B22, Trade, 259045.467, 134, B22, S18, 1
B22, Trade, 259050.083, 119, B22, S26, 1
B22, Trade, 259054.383, 129, B22, S20, 1
B22, Trade, 259060.467, 119, B22, S26, 1
B22, Trade, 259063.617, 140, B22, S12, 1
B22, Trade, 259067.983, 98, B22, S21, 1
B22, Trade, 259070.733, 139, B22, S08, 1
B22, Trade, 259075.983, 118, B22, S10, 1
B22, Trade, 259085.133, 140, B22, S12, 1
B22, Trade, 259088.283, 125, B22, S00, 1
B22, Trade, 259095.050, 98, B22, S04, 1
B22, Trade, 259101.683, 118, B22, S18, 1
B22, Trade, 259106.200, 135, B22, S23, 1
B22, Trade, 259109.183, 117, B22, S06, 1
B22, Trade, 259115.283, 126, B22, S05, 1
B22, Trade, 259119.783, 140, S08, B22, 1
B22, Trade, 259124.617, 131, B22, S17, 1
B22, Trade, 259127.533, 89, B22, S10, 1
B22, Trade, 259136.000, 120, B22, S11, 1
B22, Trade, 259139.200, 133, B22, S23, 1
B22, Trade, 259147.833, 68, B22, S13, 1
B22, Trade, 259152.317, 138, B22, S20, 1
B22, Trade, 259158.367, 93, B22, S13, 1
B22, Trade, 259168.833, 132, B22, S15, 1
B22, Trade, 259176.400, 111, B22, S17, 1
B22, Trade, 259177.767, 99, B22, S05, 1
B22, Trade, 259184.933, 107, B22, S02, 1
B22, Trade, 259189.317, 136, B22, S17, 1
B22, Trade, 259194.450, 84, B22, S20, 1
B23, 100
B23, Trade, 258682.833, 140, B23, S27, 1
B23, Trade, 258686.683, 135, S16, B23, 1
B23, Trade, 258694.017, 140, B23, S04, 1
B23, Trade, 258695.717, 140, B23, S21, 1
B23, Trade, 258704.383, 138, S08, B23, 1
B23, Trade, 258706.150, 137, S24, B23, 1
B23, Trade, 258708.983, 133, S08, B23, 1
B23, Trade, 258716.883, 132, S03, B23, 1
B23, Trade, 258721.667, 131, S07, B23, 1
B23, Trade, 258728.367, 136, S24, B23, 1
B23, Trade, 258732.317, 125, S03, B23, 1
B23, Trade, 258736.717, 134, S16, B23, 1
B23, Trade, 258744.583, 130, S24, B23, 1
B23, Trade, 258747.117, 140, B23, S11, 1
B23, Trade, 258750.033, 140, B23, S09, 1
B23, Trade, 258757.500, 107, S08, B23, 1
B23, Trade, 258764.667, 140, B23, S17, 1
B23, Trade, 258765.700, 137, B23, S18, 1
B23, Trade, 258769.933, 139, B23, S21, 1
B23, Trade, 258777.583, 120, S25, B23, 1
B23, Trade, 258781.950, 137, B23, S07, 1
B23, Trade, 258785.950, 120, S03, B23, 1
B23, Trade, 258792.650, 139, B23, S20, 1
B23, Trade, 258796.783, 138, S24, B23, 1
B23, Trade, 258802.150, 134, S03, B23, 1
B23, Trade, 258807.600, 133, S00, B23, 1
B23, Trade, 258809.350, 138, S22, B23, 1
B23, Trade, 258818.583, 138, B23, S26, 1
B23, Trade, 258823.717, 136, S24, B23, 1
B23, Trade, 258825.217, 119, S28, B23, 1
B23, Trade, 258830.583, 130, S16, B23, 1
B23, Trade, 258836.467, 132, S03, B23, 1
B23, Trade, 258842.017, 98, S20, B23, 1
B23, Trade, 258847.183, 139, B23, S05, 1
B23, Trade, 258849.250, 129, S16, B23, 1
B23, Trade, 258859.217, 131, S24, B23, 1
B23, Trade, 258863.733, 124, S16, B23, 1
B23, Trade, 258864.967, 92, S11, B23, 1
B23, Trade, 258873.083, 137, S07, B23, 1
B23, Trade, 258879.383, 123, S03, B23, 1
B23, Trade, 258884.200, 117, S17, B23, 1
B23, Trade, 258889.017, 134, S16, B23, 1
B23, Trade, 258894.833, 137, B23, S14, 1
B23, Trade, 258896.033, 134, S16, B23, 1
B23, Trade, 258904.350, 136, S07, B23, 1
B23, Trade, 258910.067, 139, S03, B23, 1
B23, Trade, 258914.250, 137, S03, B23, 1
B23, Trade, 258915.267, 131, S08, B23, 1
B23, Trade, 258922.050, 136, B23, S19, 1
B23, Trade, 258930.983, 140, B23, S12, 1
B23, Trade, 258932.067, 138, S03, B23, 1
B23, Trade, 258939.267, 131, S07, B23, 1
B23, Trade, 258940.517, 124, S11, B23, 1
B23, Trade, 258948.367, 132, S24, B23, 1
B23, Trade, 258955.150, 131, S08, B23, 1
B23, Trade, 258960.767, 138, S25, B23, 1
B23, Trade, 258963.267, 140, S28, B23, 1
B23, Trade, 258969.833, 68, S21, B23, 1
B23, Trade, 258973.900, 120, S29, B23, 1
B23, Trade, 258984.583, 140, B23, S26, 1
B23, Trade, 258987.550, 140, S08, B23, 1
B23, Trade, 258990.083, 140, B23, S19, 1
B23, Trade, 258997.867, 140, B23, S11, 1
B23, Trade, 259005.567, 140, B23, S05, 1
B23, Trade, 259009.650, 139, S08, B23, 1
B23, Trade, 259012.783, 125, S16, B23, 1
B23, Trade, 259020.817, 139, S03, B23, 1
B23, Trade, 259025.717, 140, B23, S04, 1
B23, Trade, 259029.800, 140, B23, S12, 1
B23, Trade, 259034.233, 130, S00, B23, 1
B23, Trade, 259039.700, 139, B23, S20, 1
B23, Trade, 259042.617, 134, S16, B23, 1
B23, Trade, 259048.283, 131, S07, B23, 1
B23, Trade, 259052.100, 138, B23, S21, 1
B23, Trade, 259059.267, 139, B23, S18, 1
B23, Trade, 259063.067, 117, S19, B23, 1
B23, Trade, 259069.500, 136, S16, B23, 1
B23, Trade, 259074.250, 140, B23, S00, 1
B23, Trade, 259077.767, 139, S20, B23, 1
B23, Trade, 259085.317, 139, B23, S20, 1
B23, Trade, 259090.800, 127, S24, B23, 1
B23, Trade, 259091.150, 128, S07, B23, 1
B23, Trade, 259099.983, 132, S28, B23, 1
B23, Trade, 259105.067, 128, S28, B23, 1
B23, Trade, 259107.217, 140, B23, S26, 1
B23, Trade, 259117.550, 138, S24, B23, 1
B23, Trade, 259119.900, 139, B23, S11, 1
B23, Trade, 259125.183, 135, S24, B23, 1
B23, Trade, 259130.033, 140, B23, S11, 1
B23, Trade, 259134.750, 131, S24, B23, 1
B23, Trade, 259142.000, 106, S27, B23, 1
B23, Trade, 259150.700, 139, B23, S24, 1
B23, Trade, 259152.767, 140, B23, S03, 1
B23, Trade, 259157.867, 119, S03, B23, 1
B23, Trade, 259166.300, 140, B23, S08, 1
B23, Trade, 259170.917, 135, S07, B23, 1
B23, Trade, 259175.133, 131, S03, B23, 1
B23, Trade, 259182.433, 137, S08, B23, 1
B23, Trade, 259190.917, 140, B23, S13, 1
B23, Trade, 259197.033, 140, B23, S28, 1
B24, 100
B24, Trade, 258508.833, 140, B24, S19, 1
B24, Trade, 258515.483, 127, S03, B24, 1
B24, Trade, 258521.233, 117, B24, S04, 1
B24, Trade, 258527.067, 105, S11, B24, 1
B24, Trade, 258530.083, 128, B24, S26, 1
B24, Trade, 258546.383, 118, S29, B24, 1
B24, Trade, 258553.717, 129, S25, B24, 1
B24, Trade, 258560.117, 118, B24, S26, 1
B24, Trade, 258564.150, 131, S25, B24, 1
B24, Trade, 258574.233, 126, B24, S10, 1
B24, Trade, 258577.283, 119, B24, S06, 1
B24, Trade, 258579.383, 134, S24, B24, 1
B24, Trade, 258587.750, 136, S20, B24, 1
B24, Trade, 258589.767, 101, S27, B24, 1
B24, Trade, 258594.367, 124, S08, B24, 1
B24, Trade, 258611.917, 127, B24, S04, 1
B24, Trade, 258615.817, 108, S03, B24, 1
B24, Trade, 258620.000, 130, B24, S27, 1
B24, Trade, 258623.633, 135, B24, S11, 1
B24, Trade, 258631.700, 120, B24, S21, 1
B24, Trade, 258640.200, 62, B24, S21, 1
B24, Trade, 258645.100, 137, B24, S26, 1
B24, Trade, 258653.417, 124, B24, S21, 1
B24, Trade, 258667.500, 102, S11, B24, 1
B24, Trade, 258669.383, 62, S18, B24, 1
B24, Trade, 258678.767, 115, B24, S22, 1
B24, Trade, 258684.383, 137, B24, S29, 1
B24, Trade, 258686.917, 109, B24, S17, 1
B24, Trade, 258691.650, 62, S16, B24, 1
B24, Trade, 258695.583, 138, B24, S10, 1
B24, Trade, 258699.117, 119, B24, S12, 1
B24, Trade, 258705.367, 126, B24, S22, 1
B24, Trade, 258713.333, 119, S08, B24, 1
B24, Trade, 258719.367, 122, S16, B24, 1
B24, Trade, 258730.033, 133, S24, B24, 1
B24, Trade, 258735.133, 125, B24, S14, 1
B24, Trade, 258737.600, 133, S03, B24, 1
B24, Trade, 258746.883, 140, B24, S05, 1
B24, Trade, 258752.100, 122, B24, S15, 1
B24, Trade, 258756.500, 106, B24, S21, 1
B24, Trade, 258759.200, 115, S24, B24, 1
B24, Trade, 258769.267, 117, B24, S29, 1
B24, Trade, 258773.000, 112, S19, B24, 1
B24, Trade, 258780.567, 120, B24, S06, 1
B24, Trade, 258789.550, 131, S07, B24, 1
B24, Trade, 258799.633, 122, B24, S17, 1
B24, Trade, 258808.000, 115, S16, B24, 1
B24, Trade, 258813.483, 118, B24, S10, 1
B24, Trade, 258823.833, 66, B24, S26, 1
B24, Trade, 258825.450, 108, B24, S12, 1
B24, Trade, 258830.017, 129, S24, B24, 1
B24, Trade, 258837.767, 127, B24, S08, 1
B24, Trade, 258842.750, 114, S03, B24, 1
B24, Trade, 258851.000, 128, S03, B24, 1
B24, Trade, 258857.717, 113, B24, S02, 1
B24, Trade, 258867.133, 112, B24, S13, 1
B24, Trade, 258874.667, 136, B24, S17, 1
B24, Trade, 258880.417, 119, S08, B24, 1
B24, Trade, 258881.250, 101, S28, B24, 1
B24, Trade, 258892.600, 112, B24, S18, 1
B24, Trade, 258899.983, 108, S03, B24, 1
B24, Trade, 258904.867, 117, B24, S17, 1
B24, Trade, 258910.083, 133, B24, S20, 1
B24, Trade, 258919.467, 134, S01, B24, 1
B24, Trade, 258926.450, 127, S22, B24, 1
B24, Trade, 258934.183, 134, B24, S16, 1
B24, Trade, 258946.633, 127, B24, S20, 1
B24, Trade, 258954.433, 130, B24, S12, 1
B24, Trade, 258958.467, 139, S07, B24, 1
B24, Trade, 258963.483, 123, B24, S09, 1
B24, Trade, 258966.433, 110, S16, B24, 1
B24, Trade, 258974.267, 139, S01, B24, 1
B24, Trade, 258980.167, 105, S24, B24, 1
B24, Trade, 258985.817, 137, B24, S10, 1
B24, Trade, 259010.983, 113, B24, S21, 1
B24, Trade, 259017.517, 105, B24, S04, 1
B24, Trade, 259024.617, 118, S19, B24, 1
B24, Trade, 259038.017, 119, B24, S02, 1
B24, Trade, 259041.267, 112, B24, S10, 1
B24, Trade, 259046.300, 129, B24, S28, 1
B24, Trade, 259051.783, 127, B24, S10, 1
B24, Trade, 259057.200, 134, S09, B24, 1
B24, Trade, 259065.683, 118, B24, S09, 1
B24, Trade, 259068.583, 108, S03, B24, 1
B24, Trade, 259074.017, 138, B24, S12, 1
B24, Trade, 259079.433, 113, S07, B24, 1
B24, Trade, 259098.633, 60, S18, B24, 1
B24, Trade, 259111.967, 121, B24, S13, 1
B24, Trade, 259119.600, 134, B24, S13, 1
B24, Trade, 259128.883, 136, B24, S22, 1
B24, Trade, 259136.317, 118, B24, S15, 1
B24, Trade, 259142.217, 116, S16, B24, 1
B24, Trade, 259150.817, 137, B24, S11, 1
B24, Trade, 259154.783, 120, B24, S09, 1
B24, Trade, 259161.567, 108, B24, S12, 1
B24, Trade, 259165.767, 139, B24, S19, 1
B24, Trade, 259170.500, 115, B24, S22, 1
B24, Trade, 259172.983, 132, B24, S13, 1
B24, Trade, 259185.383, 125, S07, B24, 1
B24, Trade, 259193.783, 90, S03, B24, 1
B25, 100
B25, Trade, 258625.517, 100, B25, S20, 1
B25, Trade, 258631.117, 114, B25, S06, 1
B25, Trade, 258638.983, 74, B25, S25, 1
B25, Trade, 258642.283, 137, S24, B25, 1
B25, Trade, 258644.283, 122, B25, S18, 1
B25, Trade, 258651.600, 111, B25, S15, 1
B25, Trade, 258654.083, 121, B25, S12, 1
B25, Trade, 258662.667, 97, B25, S23, 1
B25, Trade, 258665.617, 137, S11, B25, 1
B25, Trade, 258673.000, 105, B25, S15, 1
B25, Trade, 258678.250, 119, B25, S09, 1
B25, Trade, 258685.867, 120, B25, S02, 1
B25, Trade, 258692.150, 62, B25, S06, 1
B25, Trade, 258696.600, 112, B25, S02, 1
B25, Trade, 258703.283, 113, B25, S21, 1
B25, Trade, 258705.133, 127, B25, S18, 1
B25, Trade, 258711.717, 119, B25, S02, 1
B25, Trade, 258719.883, 103, B25, S15, 1
B25, Trade, 258735.050, 126, B25, S20, 1
B25, Trade, 258743.517, 116, B25, S22, 1
B25, Trade, 258744.900, 113, B25, S02, 1
B25, Trade, 258750.450, 140, B25, S17, 1
B25, Trade, 258758.517, 106, B25, S26, 1
B25, Trade, 258762.200, 106, B25, S13, 1
B25, Trade, 258766.867, 125, B25, S20, 1
B25, Trade, 258774.033, 113, B25, S17, 1
B25, Trade, 258780.450, 121, B25, S26, 1
B25, Trade, 258789.883, 121, B25, S13, 1
B25, Trade, 258802.517, 109, B25, S25, 1
B25, Trade, 258807.867, 112, B25, S02, 1
B25, Trade, 258813.433, 119, B25, S26, 1
B25, Trade, 258817.883, 140, B25, S21, 1
B25, Trade, 258819.533, 122, B25, S05, 1
B25, Trade, 258829.950, 105, B25, S29, 1
B25, Trade, 258834.267, 116, B25, S21, 1
B25, Trade, 258840.417, 110, B25, S25, 1
B25, Trade, 258846.767, 140, B25, S19, 1
B25, Trade, 258856.667, 115, B25, S17, 1
B25, Trade, 258863.650, 114, B25, S27, 1
B25, Trade, 258869.600, 128, B25, S08, 1
B25, Trade, 258871.717, 121, B25, S04, 1
B25, Trade, 258880.500, 95, B25, S04, 1
B25, Trade, 258889.533, 132, B25, S22, 1
B25, Trade, 258893.717, 140, B25, S22, 1
B25, Trade, 258895.900, 122, B25, S27, 1
B25, Trade, 258905.033, 121, B25, S26, 1
B25, Trade, 258908.783, 139, B25, S27, 1
B25, Trade, 258914.383, 133, B25, S22, 1
B25, Trade, 258921.300, 121, B25, S27, 1
B25, Trade, 258928.267, 126, B25, S08, 1
B25, Trade, 258932.733, 110, B25, S02, 1
B25, Trade, 258941.267, 135, B25, S26, 1
B25, Trade, 258945.400, 95, B25, S18, 1
B25, Trade, 258948.233, 99, B25, S04, 1
B25, Trade, 258954.183, 105, B25, S19, 1
B25, Trade, 258960.117, 139, B25, S05, 1
B25, Trade, 258973.533, 115, B25, S05, 1
B25, Trade, 258979.083, 68, B25, S06, 1
B25, Trade, 258985.267, 140, B25, S06, 1
B25, Trade, 258988.183, 130, B25, S20, 1
B25, Trade, 258994.500, 108, B25, S21, 1
B25, Trade, 258999.483, 112, B25, S06, 1
B25, Trade, 259004.783, 140, B25, S25, 1
B25, Trade, 259007.900, 140, B25, S27, 1
B25, Trade, 259011.450, 123, B25, S12, 1
B25, Trade, 259016.833, 118, B25, S19, 1
B25, Trade, 259023.400, 138, S07, B25, 1
B25, Trade, 259027.633, 138, B25, S24, 1
B25, Trade, 259032.250, 127, B25, S20, 1
B25, Trade, 259038.733, 140, B25, S03, 1
B25, Trade, 259044.283, 140, B25, S12, 1
B25, Trade, 259050.700, 120, B25, S19, 1
B25, Trade, 259052.617, 126, B25, S29, 1
B25, Trade, 259058.267, 111, B25, S06, 1
B25, Trade, 259063.650, 140, B25, S05, 1
B25, Trade, 259070.517, 139, S07, B25, 1
B25, Trade, 259078.500, 107, B25, S23, 1
B25, Trade, 259081.800, 116, S25, B25, 1
B25, Trade, 259090.200, 127, B25, S25, 1
B25, Trade, 259093.767, 116, B25, S05, 1
B25, Trade, 259100.300, 119, B25, S11, 1
B25, Trade, 259103.733, 140, B25, S02, 1
B25, Trade, 259107.500, 128, B25, S22, 1
B25, Trade, 259116.967, 130, B25, S06, 1
B25, Trade, 259119.133, 140, B25, S29, 1
B25, Trade, 259124.083, 140, B25, S29, 1
B25, Trade, 259132.467, 122, B25, S26, 1
B25, Trade, 259134.167, 117, B25, S06, 1
B25, Trade, 259138.750, 140, B25, S18, 1
B25, Trade, 259146.617, 71, B25, S21, 1
B25, Trade, 259147.650, 70, B25, S16, 1
B25, Trade, 259153.233, 140, B25, S14, 1
B25, Trade, 259161.067, 135, B25, S20, 1
B25, Trade, 259167.450, 118, B25, S23, 1
B25, Trade, 259171.833, 104, B25, S17, 1
B25, Trade, 259174.600, 102, B25, S22, 1
B25, Trade, 259181.317, 108, B25, S18, 1
B25, Trade, 259187.317, 135, B25, S18, 1
B25, Trade, 259196.600, 140, B25, S05, 1
B25, Trade, 259197.450, 140, B25, S26, 1
B26, 100
B26, Trade, 258385.983, 128, B26, S26, 1
B26, Trade, 258413.967, 118, B26, S16, 1
B26, Trade, 258423.367, 119, B26, S21, 1
B26, Trade, 258424.733, 128, B26, S06, 1
B26, Trade, 258435.233, 101, B26, S21, 1
B26, Trade, 258439.950, 118, B26, S28, 1
B26, Trade, 258447.033, 99, B26, S09, 1
B26, Trade, 258455.867, 98, B26, S12, 1
B26, Trade, 258461.983, 96, B26, S00, 1
B26, Trade, 258467.150, 89, B26, S02, 1
B26, Trade, 258479.583, 106, B26, S04, 1
B26, Trade, 258485.267, 102, B26, S05, 1
B26, Trade, 258488.367, 98, B26, S27, 1
B26, Trade, 258500.000, 108, B26, S10, 1
B26, Trade, 258503.150, 101, B26, S04, 1
B26, Trade, 258509.533, 113, B26, S22, 1
B26, Trade, 258519.200, 93, B26, S15, 1
B26, Trade, 258526.517, 113, B26, S12, 1
B26, Trade, 258534.383, 114, B26, S21, 1
B26, Trade, 258537.783, 96, B26, S12, 1
B26, Trade, 258546.000, 86, B26, S09, 1
B26, Trade, 258552.150, 113, B26, S25, 1
B26, Trade, 258561.217, 110, B26, S09, 1
B26, Trade, 258581.067, 120, B26, S05, 1
B26, Trade, 258592.367, 118, B26, S05, 1
B26, Trade, 258597.917, 121, B26, S20, 1
B26, Trade, 258605.950, 118, B26, S00, 1
B26, Trade, 258614.083, 99, B26, S17, 1
B26, Trade, 258621.500, 104, B26, S18, 1
B26, Trade, 258625.583, 99, B26, S18, 1
B26, Trade, 258630.600, 120, B26, S29, 1
B26, Trade, 258640.033, 66, B26, S02, 1
B26, Trade, 258647.050, 112, B26, S20, 1
B26, Trade, 258662.817, 93, B26, S28, 1
B26, Trade, 258664.217, 93, B26, S22, 1
B26, Trade, 258674.267, 91, B26, S12, 1
B26, Trade, 258679.800, 116, B26, S21, 1
B26, Trade, 258687.000, 105, B26, S25, 1
B26, Trade, 258697.450, 109, B26, S19, 1
B26, Trade, 258700.517, 109, B26, S02, 1
B26, Trade, 258708.350, 97, B26, S15, 1
B26, Trade, 258711.817, 118, B26, S21, 1
B26, Trade, 258719.083, 107, B26, S12, 1
B26, Trade, 258724.700, 122, B26, S20, 1
B26, Trade, 258727.833, 120, B26, S21, 1
B26, Trade, 258729.867, 115, B26, S23, 1
B26, Trade, 258736.217, 66, B26, S02, 1
B26, Trade, 258749.233, 108, B26, S06, 1
B26, Trade, 258757.250, 92, B26, S02, 1
B26, Trade, 258765.500, 119, B26, S22, 1
B26, Trade, 258777.333, 97, B26, S10, 1
B26, Trade, 258782.533, 78, B26, S27, 1
B26, Trade, 258791.100, 110, B26, S27, 1
B26, Trade, 258797.467, 117, B26, S13, 1
B26, Trade, 258808.483, 102, B26, S06, 1
B26, Trade, 258813.517, 113, B26, S18, 1
B26, Trade, 258823.433, 86, B26, S09, 1
B26, Trade, 258829.533, 110, B26, S02, 1
B26, Trade, 258838.500, 107, B26, S06, 1
B26, Trade, 258844.350, 111, B26, S15, 1
B26, Trade, 258852.233, 98, B26, S27, 1
B26, Trade, 258863.700, 99, B26, S22, 1
B26, Trade, 258876.217, 89, B26, S05, 1
B26, Trade, 258883.017, 119, B26, S21, 1
B26, Trade, 258891.300, 107, B26, S12, 1
B26, Trade, 258900.600, 83, B26, S13, 1
B26, Trade, 258906.333, 99, B26, S13, 1
B26, Trade, 258912.683, 110, B26, S18, 1
B26, Trade, 258919.967, 96, B26, S26, 1
B26, Trade, 258927.250, 110, B26, S18, 1
B26, Trade, 258935.117, 114, B26, S25, 1
B26, Trade, 258943.833, 117, B26, S06, 1
B26, Trade, 258951.133, 99, B26, S02, 1
B26, Trade, 258954.383, 101, B26, S02, 1
B26, Trade, 258967.667, 97, B26, S13, 1
B26, Trade, 258975.400, 90, B26, S10, 1
B26, Trade, 258981.033, 101, B26, S27, 1
B26, Trade, 258989.500, 118, B26, S22, 1
B26, Trade, 258996.717, 73, B26, S18, 1
B26, Trade, 259001.817, 104, B26, S06, 1
B26, Trade, 259018.117, 118, B26, S26, 1
B26, Trade, 259024.183, 122, B26, S18, 1
B26, Trade, 259037.533, 114, B26, S14, 1
B26, Trade, 259041.933, 97, B26, S02, 1
B26, Trade, 259061.167, 102, B26, S10, 1
B26, Trade, 259066.133, 108, B26, S04, 1
B26, Trade, 259072.783, 114, B26, S26, 1
B26, Trade, 259077.400, 101, B26, S19, 1
B26, Trade, 259094.133, 100, B26, S13, 1
B26, Trade, 259098.250, 69, B26, S04, 1
B26, Trade, 259104.983, 121, S19, B26, 1
B26, Trade, 259116.167, 122, B26, S04, 1
B26, Trade, 259120.483, 119, B26, S12, 1
B26, Trade, 259136.450, 110, B26, S18, 1
B26, Trade, 259149.317, 93, B26, S18, 1
B26, Trade, 259157.000, 88, B26, S06, 1
B26, Trade, 259165.417, 103, B26, S02, 1
B26, Trade, 259176.850, 105, B26, S29, 1
B26, Trade, 259184.800, 119, B26, S12, 1
B26, Trade, 259188.067, 115, B26, S21, 1
B27, 100
B27, Trade, 258660.650, 126, B27, S17, 1
B27, Trade, 258666.283, 137, B27, S10, 1
B27, Trade, 258673.567, 99, B27, S05, 1
B27, Trade, 258679.167, 113, B27, S26, 1
B27, Trade, 258682.600, 140, B27, S10, 1
B27, Trade, 258687.317, 132, B27, S26, 1
B27, Trade, 258690.767, 81, B27, S07, 1
B27, Trade, 258696.300, 106, B27, S13, 1
B27, Trade, 258703.650, 121, B27, S15, 1
B27, Trade, 258713.067, 110, S11, B27, 1
B27, Trade, 258717.183, 112, B27, S10, 1
B27, Trade, 258721.683, 104, B27, S17, 1
B27, Trade, 258724.117, 125, B27, S18, 1
B27, Trade, 258731.183, 93, B27, S04, 1
B27, Trade, 258735.550, 91, B27, S21, 1
B27, Trade, 258744.300, 119, B27, S21, 1
B27, Trade, 258747.833, 128, B27, S04, 1
B27, Trade, 258750.900, 135, B27, S24, 1
B27, Trade, 258757.883, 89, B27, S17, 1
B27, Trade, 258762.950, 125, B27, S21, 1
B27, Trade, 258767.533, 140, B27, S13, 1
B27, Trade, 258774.150, 108, B27, S18, 1
B27, Trade, 258778.367, 140, B27, S27, 1
B27, Trade, 258783.450, 114, B27, S02, 1
B27, Trade, 258786.233, 121, S07, B27, 1
B27, Trade, 258790.317, 111, B27, S10, 1
B27, Trade, 258796.833, 124, B27, S27, 1
B27, Trade, 258800.850, 120, B27, S27, 1
B27, Trade, 258804.600, 108, B27, S28, 1
B27, Trade, 258813.383, 133, B27, S20, 1
B27, Trade, 258815.250, 83, B27, S06, 1
B27, Trade, 258820.083, 139, S08, B27, 1
B27, Trade, 258826.200, 88, B27, S18, 1
B27, Trade, 258836.267, 117, B27, S29, 1
B27, Trade, 258845.900, 112, B27, S06, 1
B27, Trade, 258849.667, 119, B27, S22, 1
B27, Trade, 258855.933, 119, B27, S12, 1
B27, Trade, 258857.567, 107, B27, S18, 1
B27, Trade, 258863.433, 115, B27, S04, 1
B27, Trade, 258872.183, 114, B27, S15, 1
B27, Trade, 258878.350, 109, B27, S02, 1
B27, Trade, 258888.933, 132, B27, S03, 1
B27, Trade, 258889.767, 132, B27, S13, 1
B27, Trade, 258899.083, 106, B27, S18, 1
B27, Trade, 258902.550, 121, B27, S02, 1
B27, Trade, 258908.733, 140, B27, S06, 1
B27, Trade, 258914.500, 136, B27, S06, 1
B27, Trade, 258918.150, 96, B27, S27, 1
B27, Trade, 258923.067, 120, B27, S26, 1
B27, Trade, 258929.033, 125, B27, S13, 1
B27, Trade, 258931.683, 138, B27, S21, 1
B27, Trade, 258936.733, 124, B27, S12, 1
B27, Trade, 258942.183, 140, B27, S17, 1
B27, Trade, 258948.300, 99, B27, S13, 1
B27, Trade, 258954.217, 104, B27, S11, 1
B27, Trade, 258955.650, 107, B27, S18, 1
B27, Trade, 258963.333, 131, B27, S21, 1
B27, Trade, 258970.433, 71, B27, S04, 1
B27, Trade, 258974.200, 123, S07, B27, 1
B27, Trade, 258979.833, 69, B27, S02, 1
B27, Trade, 258985.300, 140, B27, S15, 1
B27, Trade, 258995.050, 109, B27, S29, 1
B27, Trade, 258999.250, 113, B27, S12, 1
B27, Trade, 259005.433, 140, B27, S02, 1
B27, Trade, 259007.367, 140, B27, S10, 1
B27, Trade, 259013.150, 121, B27, S04, 1
B27, Trade, 259017.050, 94, B27, S17, 1
B27, Trade, 259021.333, 137, B27, S24, 1
B27, Trade, 259029.367, 100, B27, S06, 1
B27, Trade, 259032.733, 110, B27, S05, 1
B27, Trade, 259036.600, 132, S24, B27, 1
B27, Trade, 259045.383, 135, B27, S09, 1
B27, Trade, 259049.617, 119, B27, S02, 1
B27, Trade, 259054.467, 128, B27, S04, 1
B27, Trade, 259056.150, 115, B27, S09, 1
B27, Trade, 259063.250, 140, S22, B27, 1
B27, Trade, 259068.650, 98, B27, S23, 1
B27, Trade, 259074.600, 135, B27, S25, 1
B27, Trade, 259077.250, 108, B27, S22, 1
B27, Trade, 259082.883, 105, B27, S26, 1
B27, Trade, 259089.917, 126, B27, S12, 1
B27, Trade, 259093.717, 118, B27, S27, 1
B27, Trade, 259097.817, 102, B27, S17, 1
B27, Trade, 259102.967, 87, B27, S12, 1
B27, Trade, 259108.633, 137, B27, S25, 1
B27, Trade, 259113.450, 100, B27, S02, 1
B27, Trade, 259120.317, 122, B27, S06, 1
B27, Trade, 259123.917, 140, B27, S12, 1
B27, Trade, 259130.983, 136, B27, S10, 1
B27, Trade, 259136.167, 119, B27, S19, 1
B27, Trade, 259138.800, 140, B27, S26, 1
B27, Trade, 259146.917, 68, B27, S06, 1
B27, Trade, 259148.150, 65, B27, S19, 1
B27, Trade, 259159.167, 89, B27, S02, 1
B27, Trade, 259166.700, 113, B27, S21, 1
B27, Trade, 259172.383, 103, B27, S00, 1
B27, Trade, 259176.467, 110, B27, S26, 1
B27, Trade, 259180.417, 108, B27, S04, 1
B27, Trade, 259186.033, 98, B27, S21, 1
B27, Trade, 259190.533, 122, B27, S22, 1
B28, 100
B28, Trade, 258147.517, 60, S10, B28, 1
B28, Trade, 258149.783, 129, B28, S05, 1
B28, Trade, 258162.917, 103, B28, S04, 1
B28, Trade, 258167.333, 110, S29, B28, 1
B28, Trade, 258199.900, 114, B28, S22, 1
B28, Trade, 258202.017, 107, B28, S10, 1
B28, Trade, 258219.233, 127, B28, S19, 1
B28, Trade, 258233.483, 101, B28, S17, 1
B28, Trade, 258263.500, 113, B28, S29, 1
B28, Trade, 258273.233, 83, B28, S02, 1
B28, Trade, 258275.967, 83, B28, S28, 1
B28, Trade, 258279.717, 121, B28, S12, 1
B28, Trade, 258290.550, 107, B28, S18, 1
B28, Trade, 258302.533, 125, B28, S18, 1
B28, Trade, 258321.433, 125, S07, B28, 1
B28, Trade, 258329.850, 124, B28, S23, 1
B28, Trade, 258331.267, 118, B28, S12, 1
B28, Trade, 258338.217, 129, B28, S29, 1
B28, Trade, 258346.583, 96, S09, B28, 1
B28, Trade, 258350.617, 96, B28, S26, 1
B28, Trade, 258368.833, 127, B28, S15, 1
B28, Trade, 258375.933, 83, S16, B28, 1
B28, Trade, 258383.017, 123, S16, B28, 1
B28, Trade, 258405.383, 117, B28, S06, 1
B28, Trade, 258428.667, 110, B28, S02, 1
B28, Trade, 258434.800, 119, S17, B28, 1
B28, Trade, 258444.000, 100, B28, S16, 1
B28, Trade, 258459.467, 111, B28, S06, 1
B28, Trade, 258472.600, 129, B28, S26, 1
B28, Trade, 258478.333, 96, B28, S11, 1
B28, Trade, 258485.000, 110, B28, S18, 1
B28, Trade, 258492.300, 121, B28, S04, 1
B28, Trade, 258501.817, 105, B28, S21, 1
B28, Trade, 258509.617, 99, B28, S15, 1
B28, Trade, 258539.117, 122, B28, S13, 1
B28, Trade, 258561.800, 125, S25, B28, 1
B28, Trade, 258566.400, 131, B28, S13, 1
B28, Trade, 258572.133, 118, B28, S10, 1
B28, Trade, 258583.467, 129, B28, S09, 1
B28, Trade, 258588.133, 125, B28, S22, 1
B28, Trade, 258593.317, 123, B28, S19, 1
B28, Trade, 258612.867, 120, B28, S18, 1
B28, Trade, 258615.367, 108, B28, S27, 1
B28, Trade, 258626.250, 121, B28, S23, 1
B28, Trade, 258634.283, 111, B28, S15, 1
B28, Trade, 258639.550, 63, B28, S04, 1
B28, Trade, 258649.567, 83, B28, S21, 1
B28, Trade, 258662.733, 110, B28, S12, 1
B28, Trade, 258670.650, 65, B28, S02, 1
B28, Trade, 258674.500, 92, B28, S19, 1
B28, Trade, 258681.483, 136, S03, B28, 1
B28, Trade, 258707.567, 105, B28, S27, 1
B28, Trade, 258712.900, 119, S07, B28, 1
B28, Trade, 258727.600, 122, B28, S05, 1
B28, Trade, 258762.333, 103, B28, S19, 1
B28, Trade, 258772.200, 114, S16, B28, 1
B28, Trade, 258778.800, 112, B28, S18, 1
B28, Trade, 258784.250, 94, B28, S06, 1
B28, Trade, 258785.617, 77, B28, S13, 1
B28, Trade, 258790.717, 107, S05, B28, 1
B28, Trade, 258802.950, 104, B28, S04, 1
B28, Trade, 258808.983, 125, B28, S27, 1
B28, Trade, 258822.583, 77, B28, S06, 1
B28, Trade, 258842.900, 114, B28, S12, 1
B28, Trade, 258859.833, 115, B28, S13, 1
B28, Trade, 258861.617, 124, B28, S00, 1
B28, Trade, 258867.917, 109, B28, S05, 1
B28, Trade, 258880.450, 107, B28, S29, 1
B28, Trade, 258890.267, 126, B28, S04, 1
B28, Trade, 258898.533, 112, B28, S09, 1
B28, Trade, 258911.467, 90, B28, S04, 1
B28, Trade, 258914.817, 135, B28, S17, 1
B28, Trade, 258919.267, 122, S16, B28, 1
B28, Trade, 258926.967, 114, B28, S17, 1
B28, Trade, 258937.350, 96, B28, S06, 1
B28, Trade, 258945.333, 111, S15, B28, 1
B28, Trade, 258962.400, 100, B28, S19, 1
B28, Trade, 258969.467, 76, S07, B28, 1
B28, Trade, 258974.883, 122, B28, S12, 1
B28, Trade, 258976.850, 101, S24, B28, 1
B28, Trade, 258998.967, 121, B28, S22, 1
B28, Trade, 259014.167, 114, B28, S28, 1
B28, Trade, 259028.800, 105, B28, S18, 1
B28, Trade, 259035.233, 107, S17, B28, 1
B28, Trade, 259041.800, 118, B28, S10, 1
B28, Trade, 259055.750, 117, S22, B28, 1
B28, Trade, 259082.000, 115, B28, S09, 1
B28, Trade, 259088.250, 127, B28, S17, 1
B28, Trade, 259096.217, 81, B28, S12, 1
B28, Trade, 259099.717, 110, B28, S02, 1
B28, Trade, 259113.800, 112, B28, S18, 1
B28, Trade, 259119.450, 126, B28, S28, 1
B28, Trade, 259128.833, 120, S19, B28, 1
B28, Trade, 259142.333, 103, B28, S10, 1
B28, Trade, 259148.933, 77, B28, S15, 1
B28, Trade, 259153.983, 127, B28, S19, 1
B28, Trade, 259159.083, 99, B28, S23, 1
B28, Trade, 259177.233, 119, S16, B28, 1
B28, Trade, 259185.033, 103, B28, S10, 1
B28, Trade, 259194.600, 91, S16, B28, 1
B29, 100
B29, Trade, 258199.750, 115, B29, S27, 1
B29, Trade, 258208.933, 104, S01, B29, 1
B29, Trade, 258213.917, 123, B29, S21, 1
B29, Trade, 258220.667, 96, S14, B29, 1
B29, Trade, 258224.550, 106, S07, B29, 1
B29, Trade, 258239.717, 119, B29, S20, 1
B29, Trade, 258244.267, 128, B29, S11, 1
B29, Trade, 258250.833, 108, B29, S17, 1
B29, Trade, 258261.000, 109, B29, S12, 1
B29, Trade, 258270.033, 132, S16, B29, 1
B29, Trade, 258291.683, 103, B29, S11, 1
B29, Trade, 258302.217, 126, B29, S27, 1
B29, Trade, 258323.383, 100, B29, S04, 1
B29, Trade, 258337.300, 132, S07, B29, 1
B29, Trade, 258349.250, 93, B29, S04, 1
B29, Trade, 258354.117, 121, B29, S13, 1
B29, Trade, 258377.367, 104, S25, B29, 1
B29, Trade, 258378.600, 139, B29, S17, 1
B29, Trade, 258389.833, 120, B29, S02, 1
B29, Trade, 258395.717, 128, B29, S04, 1
B29, Trade, 258404.783, 107, B29, S02, 1
B29, Trade, 258407.033, 106, B29, S22, 1
B29, Trade, 258410.167, 128, B29, S25, 1
B29, Trade, 258414.900, 120, B29, S27, 1
B29, Trade, 258446.933, 99, B29, S21, 1
B29, Trade, 258448.050, 126, S16, B29, 1
B29, Trade, 258461.850, 107, B29, S09, 1
B29, Trade, 258492.683, 85, S25, B29, 1
B29, Trade, 258494.450, 60, S12, B29, 1
B29, Trade, 258505.083, 127, B29, S03, 1
B29, Trade, 258512.900, 133, B29, S09, 1
B29, Trade, 258531.600, 139, S07, B29, 1
B29, Trade, 258535.017, 126, S01, B29, 1
B29, Trade, 258543.333, 112, B29, S17, 1
B29, Trade, 258560.517, 128, S11, B29, 1
B29, Trade, 258580.867, 120, B29, S10, 1
B29, Trade, 258586.467, 128, B29, S09, 1
B29, Trade, 258597.300, 139, B29, S02, 1
B29, Trade, 258601.083, 97, B29, S06, 1
B29, Trade, 258608.600, 99, S08, B29, 1
B29, Trade, 258611.533, 133, S23, B29, 1
B29, Trade, 258615.867, 108, S24, B29, 1
B29, Trade, 258632.217, 97, B29, S25, 1
B29, Trade, 258637.417, 102, B29, S04, 1
B29, Trade, 258650.283, 135, S24, B29, 1
B29, Trade, 258653.633, 123, B29, S29, 1
B29, Trade, 258661.600, 97, B29, S18, 1
B29, Trade, 258669.467, 63, S21, B29, 1
B29, Trade, 258671.167, 105, S24, B29, 1
B29, Trade, 258676.867, 94, S07, B29, 1
B29, Trade, 258686.433, 129, B29, S09, 1
B29, Trade, 258701.583, 133, B29, S26, 1
B29, Trade, 258709.183, 119, B29, S22, 1
B29, Trade, 258714.033, 113, B29, S28, 1
B29, Trade, 258734.217, 100, B29, S12, 1
B29, Trade, 258741.917, 113, B29, S18, 1
B29, Trade, 258754.033, 117, B29, S11, 1
B29, Trade, 258773.267, 110, S03, B29, 1
B29, Trade, 258779.550, 125, B29, S23, 1
B29, Trade, 258784.267, 83, B29, S04, 1
B29, Trade, 258793.483, 118, B29, S18, 1
B29, Trade, 258797.083, 118, B29, S10, 1
B29, Trade, 258806.633, 119, B29, S04, 1
B29, Trade, 258815.900, 107, S08, B29, 1
B29, Trade, 258821.217, 128, B29, S10, 1
B29, Trade, 258831.450, 126, B29, S25, 1
B29, Trade, 258838.083, 124, B29, S18, 1
B29, Trade, 258845.317, 115, S24, B29, 1
B29, Trade, 258856.617, 118, B29, S26, 1
B29, Trade, 258861.633, 120, B29, S17, 1
B29, Trade, 258872.517, 125, B29, S18, 1
B29, Trade, 258881.400, 103, S23, B29, 1
B29, Trade, 258898.950, 108, B29, S05, 1
B29, Trade, 258908.867, 137, B29, S15, 1
B29, Trade, 258918.250, 94, B29, S18, 1
B29, Trade, 258924.917, 132, B29, S00, 1
B29, Trade, 258942.633, 134, S03, B29, 1
B29, Trade, 258945.100, 125, S24, B29, 1
B29, Trade, 258970.383, 100, S16, B29, 1
B29, Trade, 258973.700, 101, B29, S27, 1
B29, Trade, 258976.200, 87, S03, B29, 1
B29, Trade, 258994.367, 132, B29, S03, 1
B29, Trade, 258999.050, 113, B29, S05, 1
B29, Trade, 259015.667, 100, B29, S13, 1
B29, Trade, 259019.117, 108, B29, S20, 1
B29, Trade, 259033.600, 134, S07, B29, 1
B29, Trade, 259042.250, 120, B29, S04, 1
B29, Trade, 259069.283, 118, B29, S11, 1
B29, Trade, 259081.383, 112, B29, S02, 1
B29, Trade, 259091.683, 113, S22, B29, 1
B29, Trade, 259115.567, 137, B29, S11, 1
B29, Trade, 259120.800, 110, B29, S05, 1
B29, Trade, 259128.050, 81, B29, S15, 1
B29, Trade, 259145.300, 95, B29, S06, 1
B29, Trade, 259164.833, 120, B29, S05, 1
B29, Trade, 259170.783, 108, B29, S12, 1
B29, Trade, 259176.217, 123, S28, B29, 1
B29, Trade, 259179.350, 105, S22, B29, 1
B29, Trade, 259188.167, 130, B29, S02, 1
B29, Trade, 259192.567, 91, S08, B29, 1
S00, 100
S00, Trade, 257681.517, 139, B01, S00, 1
S00, Trade, 257702.050, 121, S00, B02, 1
S00, Trade, 257726.550, 126, B02, S00, 1
S00, Trade, 257738.267, 117, B07, S00, 1
S00, Trade, 257740.667, 135, B11, S00, 1
S00, Trade, 257766.350, 99, B19, S00, 1
S00, Trade, 257774.017, 139, B12, S00, 1
S00, Trade, 257780.767, 136, S00, B23, 1
S00, Trade, 257804.483, 123, B27, S00, 1
S00, Trade, 257837.250, 126, B29, S00, 1
S00, Trade, 257844.433, 96, B21, S00, 1
S00, Trade, 257851.183, 110, S00, B23, 1
S00, Trade, 257859.433, 137, S00, B04, 1
S00, Trade, 257887.283, 139, S00, B01, 1
S00, Trade, 257890.250, 121, B10, S00, 1
S00, Trade, 257901.850, 131, S00, B02, 1
S00, Trade, 257920.517, 122, S00, B03, 1
S00, Trade, 257939.367, 128, B14, S00, 1
S00, Trade, 257952.700, 138, B11, S00, 1
S00, Trade, 257959.533, 112, B26, S00, 1
S00, Trade, 257969.983, 120, B24, S00, 1
S00, Trade, 257971.917, 117, B22, S00, 1
S00, Trade, 257982.450, 135, B29, S00, 1
S00, Trade, 257984.867, 132, B04, S00, 1
S00, Trade, 257996.967, 135, B24, S00, 1
S00, Trade, 258014.883, 113, B12, S00, 1
S00, Trade, 258065.150, 115, B18, S00, 1
S00, Trade, 258074.067, 116, S00, B12, 1
S00, Trade, 258085.783, 112, B28, S00, 1
S00, Trade, 258091.067, 111, B22, S00, 1
S00, Trade, 258098.700, 128, B25, S00, 1
S00, Trade, 258104.800, 113, S00, B07, 1
S00, Trade, 258110.433, 140, B25, S00, 1
S00, Trade, 258124.767, 138, S00, B22, 1
S00, Trade, 258137.333, 99, S00, B23, 1
S00, Trade, 258161.900, 123, B18, S00, 1
S00, Trade, 258188.317, 125, B21, S00, 1
S00, Trade, 258193.567, 128, S00, B07, 1
S00, Trade, 258210.100, 86, S00, B17, 1
S00, Trade, 258215.700, 136, B03, S00, 1
S00, Trade, 258218.867, 90, B15, S00, 1
S00, Trade, 258258.400, 125, B17, S00, 1
S00, Trade, 258266.250, 132, B00, S00, 1
S00, Trade, 258290.833, 107, B27, S00, 1
S00, Trade, 258300.300, 139, B04, S00, 1
S00, Trade, 258322.800, 125, S00, B07, 1
S00, Trade, 258326.233, 133, B25, S00, 1
S00, Trade, 258367.650, 140, B14, S00, 1
S00, Trade, 258385.917, 135, B08, S00, 1
S00, Trade, 258400.750, 117, B08, S00, 1
S00, Trade, 258406.667, 127, B03, S00, 1
S00, Trade, 258420.333, 137, B20, S00, 1
S00, Trade, 258447.900, 113, B21, S00, 1
S00, Trade, 258450.133, 129, B27, S00, 1
S00, Trade, 258455.617, 127, B02, S00, 1
S00, Trade, 258461.983, 96, B26, S00, 1
S00, Trade, 258488.217, 103, B22, S00, 1
S00, Trade, 258499.317, 136, B03, S00, 1
S00, Trade, 258503.767, 136, B07, S00, 1
S00, Trade, 258512.750, 128, B05, S00, 1
S00, Trade, 258520.250, 132, B09, S00, 1
S00, Trade, 258534.467, 119, S00, B10, 1
S00, Trade, 258561.200, 111, B00, S00, 1
S00, Trade, 258581.517, 133, B11, S00, 1
S00, Trade, 258589.517, 96, S00, B05, 1
S00, Trade, 258597.283, 140, B00, S00, 1
S00, Trade, 258598.800, 107, S00, B11, 1
S00, Trade, 258605.950, 118, B26, S00, 1
S00, Trade, 258622.550, 107, S00, B00, 1
S00, Trade, 258630.883, 131, S00, B08, 1
S00, Trade, 258647.233, 107, S00, B11, 1
S00, Trade, 258710.683, 138, B09, S00, 1
S00, Trade, 258764.767, 140, B20, S00, 1
S00, Trade, 258774.050, 112, B20, S00, 1
S00, Trade, 258798.500, 125, B04, S00, 1
S00, Trade, 258807.600, 133, S00, B23, 1
S00, Trade, 258821.483, 122, B00, S00, 1
S00, Trade, 258831.983, 120, B13, S00, 1
S00, Trade, 258835.183, 135, B22, S00, 1
S00, Trade, 258849.500, 119, B11, S00, 1
S00, Trade, 258861.617, 124, B28, S00, 1
S00, Trade, 258871.017, 115, B20, S00, 1
S00, Trade, 258888.783, 132, B22, S00, 1
S00, Trade, 258894.767, 133, B09, S00, 1
S00, Trade, 258909.533, 122, B16, S00, 1
S00, Trade, 258924.917, 132, B29, S00, 1
S00, Trade, 258929.267, 124, B17, S00, 1
S00, Trade, 258964.883, 123, B17, S00, 1
S00, Trade, 258973.350, 120, B09, S00, 1
S00, Trade, 259014.300, 120, S00, B14, 1
S00, Trade, 259034.233, 130, S00, B23, 1
S00, Trade, 259050.467, 136, B06, S00, 1
S00, Trade, 259065.500, 130, B03, S00, 1
S00, Trade, 259074.250, 140, B23, S00, 1
S00, Trade, 259082.983, 104, B19, S00, 1
S00, Trade, 259088.283, 125, B22, S00, 1
S00, Trade, 259159.667, 134, B14, S00, 1
S00, Trade, 259169.167, 133, B03, S00, 1
S00, Trade, 259172.383, 103, B27, S00, 1
S00, Trade, 259183.500, 123, S00, B01, 1
S01, 100
S01, Trade, 256978.567, 139, S01, B23, 1
S01, Trade, 256987.033, 135, S01, B14, 1
S01, Trade, 257005.733, 129, B27, S01, 1
S01, Trade, 257045.883, 117, S01, B08, 1
S01, Trade, 257051.817, 140, B20, S01, 1
S01, Trade, 257067.400, 129, S01, B01, 1
S01, Trade, 257075.967, 101, S01, B23, 1
S01, Trade, 257122.483, 131, S01, B01, 1
S01, Trade, 257142.450, 93, S01, B01, 1
S01, Trade, 257155.367, 131, S01, B01, 1
S01, Trade, 257192.000, 109, S01, B02, 1
S01, Trade, 257258.483, 133, S01, B23, 1
S01, Trade, 257265.717, 140, S01, B23, 1
S01, Trade, 257285.367, 134, S01, B03, 1
S01, Trade, 257293.650, 113, S01, B17, 1
S01, Trade, 257301.317, 111, S01, B23, 1
S01, Trade, 257318.133, 138, S01, B03, 1
S01, Trade, 257407.183, 121, S01, B01, 1
S01, Trade, 257423.567, 133, S01, B14, 1
S01, Trade, 257445.433, 139, S01, B03, 1
S01, Trade, 257530.983, 123, S01, B06, 1
S01, Trade, 257537.517, 93, S01, B17, 1
S01, Trade, 257606.633, 130, S01, B14, 1
S01, Trade, 257619.317, 137, S01, B10, 1
S01, Trade, 257656.300, 115, S01, B23, 1
S01, Trade, 257702.150, 136, S01, B01, 1
S01, Trade, 257711.683, 121, S01, B06, 1
S01, Trade, 257720.400, 126, S01, B14, 1
S01, Trade, 257765.450, 129, S01, B23, 1
S01, Trade, 257789.783, 133, S01, B23, 1
S01, Trade, 257798.550, 139, S01, B23, 1
S01, Trade, 257812.200, 133, S01, B04, 1
S01, Trade, 257841.717, 119, S01, B04, 1
S01, Trade, 257867.050, 130, S01, B03, 1
S01, Trade, 257893.800, 125, S01, B03, 1
S01, Trade, 257924.300, 116, S01, B05, 1
S01, Trade, 257941.600, 119, S01, B03, 1
S01, Trade, 257973.650, 135, S01, B23, 1
S01, Trade, 257980.217, 113, S01, B17, 1
S01, Trade, 258000.333, 133, S01, B14, 1
S01, Trade, 258009.217, 108, S01, B03, 1
S01, Trade, 258019.600, 139, S01, B14, 1
S01, Trade, 258033.967, 129, S01, B23, 1
S01, Trade, 258039.517, 135, S01, B23, 1
S01, Trade, 258043.983, 135, S01, B03, 1
S01, Trade, 258056.533, 125, S01, B29, 1
S01, Trade, 258074.483, 132, S01, B23, 1
S01, Trade, 258087.450, 117, S01, B23, 1
S01, Trade, 258096.250, 140, S01, B03, 1
S01, Trade, 258104.933, 120, S01, B10, 1
S01, Trade, 258107.967, 90, S01, B12, 1
S01, Trade, 258167.183, 97, S01, B01, 1
S01, Trade, 258180.967, 138, S01, B23, 1
S01, Trade, 258208.933, 104, S01, B29, 1
S01, Trade, 258222.450, 111, S01, B14, 1
S01, Trade, 258224.900, 119, S01, B24, 1
S01, Trade, 258276.967, 95, S01, B02, 1
S01, Trade, 258298.433, 133, S01, B01, 1
S01, Trade, 258341.317, 140, S01, B01, 1
S01, Trade, 258355.550, 137, S01, B23, 1
S01, Trade, 258361.167, 139, S01, B01, 1
S01, Trade, 258365.917, 138, S01, B23, 1
S01, Trade, 258414.317, 128, S01, B12, 1
S01, Trade, 258436.333, 106, S01, B12, 1
S01, Trade, 258446.667, 102, S01, B23, 1
S01, Trade, 258460.000, 133, S01, B03, 1
S01, Trade, 258521.433, 137, S01, B02, 1
S01, Trade, 258535.017, 126, S01, B29, 1
S01, Trade, 258544.350, 129, S01, B04, 1
S01, Trade, 258590.633, 117, S01, B23, 1
S01, Trade, 258606.750, 134, S01, B04, 1
S01, Trade, 258616.617, 128, S01, B23, 1
S01, Trade, 258624.000, 136, S01, B10, 1
S01, Trade, 258635.900, 133, S01, B14, 1
S01, Trade, 258664.700, 123, S01, B23, 1
S01, Trade, 258690.950, 99, S01, B12, 1
S01, Trade, 258710.167, 116, S01, B07, 1
S01, Trade, 258733.233, 133, S01, B10, 1
S01, Trade, 258759.250, 118, S01, B10, 1
S01, Trade, 258788.417, 132, S01, B01, 1
S01, Trade, 258791.767, 123, S01, B01, 1
S01, Trade, 258816.367, 123, S01, B14, 1
S01, Trade, 258839.033, 133, S01, B16, 1
S01, Trade, 258843.483, 112, S01, B08, 1
S01, Trade, 258876.967, 121, S01, B11, 1
S01, Trade, 258880.200, 121, S01, B01, 1
S01, Trade, 258919.467, 134, S01, B24, 1
S01, Trade, 258951.050, 130, S01, B12, 1
S01, Trade, 258968.833, 79, S01, B02, 1
S01, Trade, 258970.650, 110, S01, B14, 1
S01, Trade, 258974.267, 139, S01, B24, 1
S01, Trade, 258980.300, 116, S01, B02, 1
S01, Trade, 258997.000, 113, S01, B02, 1
S01, Trade, 259021.483, 136, S01, B20, 1
S01, Trade, 259069.800, 135, S01, B07, 1
S01, Trade, 259098.583, 88, S01, B10, 1
S01, Trade, 259102.700, 105, S01, B10, 1
S01, Trade, 259142.317, 124, S01, B02, 1
S01, Trade, 259149.350, 125, S01, B07, 1
S01, Trade, 259194.800, 108, S01, B04, 1
S02, 100
S02, Trade, 258670.650, 65, B28, S02, 1
S02, Trade, 258674.483, 98, B07, S02, 1
S02, Trade, 258683.133, 138, B11, S02, 1
S02, Trade, 258685.867, 120, B25, S02, 1
S02, Trade, 258689.150, 130, B04, S02, 1
S02, Trade, 258696.600, 112, B25, S02, 1
S02, Trade, 258700.517, 109, B26, S02, 1
S02, Trade, 258705.033, 131, B12, S02, 1
S02, Trade, 258711.717, 119, B25, S02, 1
S02, Trade, 258716.750, 116, B00, S02, 1
S02, Trade, 258721.733, 104, B09, S02, 1
S02, Trade, 258726.733, 140, B09, S02, 1
S02, Trade, 258730.000, 103, B22, S02, 1
S02, Trade, 258736.217, 66, B26, S02, 1
S02, Trade, 258739.050, 140, B01, S02, 1
S02, Trade, 258744.900, 113, B25, S02, 1
S02, Trade, 258753.317, 119, B16, S02, 1
S02, Trade, 258757.250, 92, B26, S02, 1
S02, Trade, 258759.300, 72, B04, S02, 1
S02, Trade, 258768.433, 139, B10, S02, 1
S02, Trade, 258775.667, 98, B13, S02, 1
S02, Trade, 258783.450, 114, B27, S02, 1
S02, Trade, 258784.000, 112, B04, S02, 1
S02, Trade, 258793.383, 125, B21, S02, 1
S02, Trade, 258798.133, 139, B01, S02, 1
S02, Trade, 258799.817, 116, B21, S02, 1
S02, Trade, 258807.867, 112, B25, S02, 1
S02, Trade, 258813.400, 132, B12, S02, 1
S02, Trade, 258819.450, 131, B19, S02, 1
S02, Trade, 258822.550, 81, B15, S02, 1
S02, Trade, 258829.533, 110, B26, S02, 1
S02, Trade, 258835.467, 122, B12, S02, 1
S02, Trade, 258841.000, 108, B08, S02, 1
S02, Trade, 258844.583, 99, B20, S02, 1
S02, Trade, 258853.433, 74, B11, S02, 1
S02, Trade, 258857.717, 113, B24, S02, 1
S02, Trade, 258862.883, 118, B22, S02, 1
S02, Trade, 258870.783, 116, B00, S02, 1
S02, Trade, 258874.400, 107, B15, S02, 1
S02, Trade, 258878.350, 109, B27, S02, 1
S02, Trade, 258885.600, 114, B20, S02, 1
S02, Trade, 258895.100, 125, B13, S02, 1
S02, Trade, 258899.167, 105, B21, S02, 1
S02, Trade, 258902.550, 121, B27, S02, 1
S02, Trade, 258909.167, 137, B01, S02, 1
S02, Trade, 258913.233, 138, B07, S02, 1
S02, Trade, 258918.667, 90, B15, S02, 1
S02, Trade, 258920.900, 127, B20, S02, 1
S02, Trade, 258926.467, 115, B18, S02, 1
S02, Trade, 258932.733, 110, B25, S02, 1
S02, Trade, 258939.917, 140, B01, S02, 1
S02, Trade, 258944.917, 93, B20, S02, 1
S02, Trade, 258951.133, 99, B26, S02, 1
S02, Trade, 258954.383, 101, B26, S02, 1
S02, Trade, 258960.883, 117, B00, S02, 1
S02, Trade, 258968.183, 69, S02, B05, 1
S02, Trade, 258971.967, 111, B11, S02, 1
S02, Trade, 258979.833, 69, B27, S02, 1
S02, Trade, 258981.267, 100, B19, S02, 1
S02, Trade, 258987.750, 118, B18, S02, 1
S02, Trade, 258991.183, 140, B20, S02, 1
S02, Trade, 258995.467, 108, B00, S02, 1
S02, Trade, 259000.250, 113, B00, S02, 1
S02, Trade, 259005.433, 140, B27, S02, 1
S02, Trade, 259012.650, 103, B22, S02, 1
S02, Trade, 259019.133, 90, B18, S02, 1
S02, Trade, 259025.800, 118, B19, S02, 1
S02, Trade, 259031.400, 128, B17, S02, 1
S02, Trade, 259034.750, 107, B02, S02, 1
S02, Trade, 259038.017, 119, B24, S02, 1
S02, Trade, 259041.933, 97, B26, S02, 1
S02, Trade, 259049.617, 119, B27, S02, 1
S02, Trade, 259055.083, 118, B21, S02, 1
S02, Trade, 259059.867, 119, B19, S02, 1
S02, Trade, 259061.450, 100, B13, S02, 1
S02, Trade, 259068.567, 100, B05, S02, 1
S02, Trade, 259073.167, 140, B06, S02, 1
S02, Trade, 259081.383, 112, B29, S02, 1
S02, Trade, 259085.550, 124, B16, S02, 1
S02, Trade, 259089.333, 131, B03, S02, 1
S02, Trade, 259095.767, 84, B08, S02, 1
S02, Trade, 259099.717, 110, B28, S02, 1
S02, Trade, 259103.733, 140, B25, S02, 1
S02, Trade, 259110.350, 118, B17, S02, 1
S02, Trade, 259113.450, 100, B27, S02, 1
S02, Trade, 259117.867, 131, B20, S02, 1
S02, Trade, 259126.000, 118, B18, S02, 1
S02, Trade, 259129.517, 108, B18, S02, 1
S02, Trade, 259133.283, 125, B00, S02, 1
S02, Trade, 259137.667, 130, B20, S02, 1
S02, Trade, 259144.667, 71, B12, S02, 1
S02, Trade, 259151.867, 123, B12, S02, 1
S02, Trade, 259159.167, 89, B27, S02, 1
S02, Trade, 259165.417, 103, B26, S02, 1
S02, Trade, 259170.233, 115, B06, S02, 1
S02, Trade, 259175.433, 123, B10, S02, 1
S02, Trade, 259178.850, 97, B10, S02, 1
S02, Trade, 259184.933, 107, B22, S02, 1
S02, Trade, 259188.167, 130, B29, S02, 1
S02, Trade, 259191.850, 95, B18, S02, 1
S03, 100
S03, Trade, 258518.417, 122, B00, S03, 1
S03, Trade, 258534.600, 125, B07, S03, 1
S03, Trade, 258537.667, 125, S03, B04, 1
S03, Trade, 258541.700, 114, S03, B23, 1
S03, Trade, 258553.250, 122, S03, B03, 1
S03, Trade, 258560.833, 129, S03, B11, 1
S03, Trade, 258570.000, 136, S03, B14, 1
S03, Trade, 258571.950, 134, S03, B01, 1
S03, Trade, 258573.117, 137, S03, B07, 1
S03, Trade, 258584.767, 139, B20, S03, 1
S03, Trade, 258590.333, 115, S03, B10, 1
S03, Trade, 258603.917, 128, S03, B03, 1
S03, Trade, 258612.600, 132, S03, B16, 1
S03, Trade, 258615.817, 108, S03, B24, 1
S03, Trade, 258624.350, 139, B04, S03, 1
S03, Trade, 258631.667, 123, S03, B02, 1
S03, Trade, 258634.717, 118, S03, B23, 1
S03, Trade, 258639.783, 125, S03, B01, 1
S03, Trade, 258651.283, 134, S03, B14, 1
S03, Trade, 258659.783, 134, S03, B03, 1
S03, Trade, 258665.700, 137, B22, S03, 1
S03, Trade, 258673.217, 108, S03, B01, 1
S03, Trade, 258681.483, 136, S03, B28, 1
S03, Trade, 258691.833, 69, S03, B02, 1
S03, Trade, 258699.400, 133, S03, B14, 1
S03, Trade, 258710.083, 110, S03, B14, 1
S03, Trade, 258716.883, 132, S03, B23, 1
S03, Trade, 258732.317, 125, S03, B23, 1
S03, Trade, 258737.600, 133, S03, B24, 1
S03, Trade, 258742.817, 135, S03, B01, 1
S03, Trade, 258752.800, 134, S03, B03, 1
S03, Trade, 258760.067, 97, S03, B02, 1
S03, Trade, 258770.167, 134, S03, B03, 1
S03, Trade, 258773.267, 110, S03, B29, 1
S03, Trade, 258776.600, 140, S03, B01, 1
S03, Trade, 258785.950, 120, S03, B23, 1
S03, Trade, 258791.650, 122, S03, B03, 1
S03, Trade, 258796.750, 135, S03, B02, 1
S03, Trade, 258802.150, 134, S03, B23, 1
S03, Trade, 258814.717, 92, S03, B02, 1
S03, Trade, 258815.917, 110, S03, B08, 1
S03, Trade, 258823.283, 136, B14, S03, 1
S03, Trade, 258836.467, 132, S03, B23, 1
S03, Trade, 258838.617, 128, S03, B03, 1
S03, Trade, 258842.750, 114, S03, B24, 1
S03, Trade, 258851.000, 128, S03, B24, 1
S03, Trade, 258859.533, 132, S03, B01, 1
S03, Trade, 258864.817, 130, S03, B03, 1
S03, Trade, 258867.933, 124, S03, B14, 1
S03, Trade, 258877.700, 121, S03, B17, 1
S03, Trade, 258879.383, 123, S03, B23, 1
S03, Trade, 258888.933, 132, B27, S03, 1
S03, Trade, 258889.167, 132, S03, B03, 1
S03, Trade, 258890.733, 127, S03, B14, 1
S03, Trade, 258899.983, 108, S03, B24, 1
S03, Trade, 258905.700, 133, S03, B03, 1
S03, Trade, 258910.067, 139, S03, B23, 1
S03, Trade, 258914.250, 137, S03, B23, 1
S03, Trade, 258921.283, 132, B06, S03, 1
S03, Trade, 258925.650, 133, S03, B02, 1
S03, Trade, 258932.067, 138, S03, B23, 1
S03, Trade, 258937.833, 124, S03, B14, 1
S03, Trade, 258942.633, 134, S03, B29, 1
S03, Trade, 258950.817, 122, S03, B07, 1
S03, Trade, 258966.067, 110, S03, B04, 1
S03, Trade, 258968.733, 62, S03, B07, 1
S03, Trade, 258972.867, 140, S03, B22, 1
S03, Trade, 258976.200, 87, S03, B29, 1
S03, Trade, 258989.633, 138, S03, B02, 1
S03, Trade, 258994.367, 132, B29, S03, 1
S03, Trade, 259001.350, 137, S03, B11, 1
S03, Trade, 259013.933, 129, S03, B01, 1
S03, Trade, 259020.817, 139, S03, B23, 1
S03, Trade, 259026.650, 138, S03, B01, 1
S03, Trade, 259027.817, 137, B22, S03, 1
S03, Trade, 259032.600, 121, S03, B04, 1
S03, Trade, 259038.733, 140, B25, S03, 1
S03, Trade, 259050.233, 130, S03, B14, 1
S03, Trade, 259055.067, 133, S03, B01, 1
S03, Trade, 259060.350, 138, S03, B14, 1
S03, Trade, 259068.583, 108, S03, B24, 1
S03, Trade, 259072.183, 136, S03, B20, 1
S03, Trade, 259081.417, 134, S03, B01, 1
S03, Trade, 259095.117, 125, S03, B02, 1
S03, Trade, 259098.650, 130, S03, B12, 1
S03, Trade, 259108.317, 139, B00, S03, 1
S03, Trade, 259116.633, 138, S03, B01, 1
S03, Trade, 259122.767, 137, S03, B03, 1
S03, Trade, 259133.600, 130, S03, B04, 1
S03, Trade, 259141.783, 113, B02, S03, 1
S03, Trade, 259145.150, 97, S03, B10, 1
S03, Trade, 259147.067, 72, S03, B14, 1
S03, Trade, 259152.767, 140, B23, S03, 1
S03, Trade, 259157.867, 119, S03, B23, 1
S03, Trade, 259164.667, 128, S03, B16, 1
S03, Trade, 259175.133, 131, S03, B23, 1
S03, Trade, 259177.917, 119, S03, B01, 1
S03, Trade, 259186.850, 120, S03, B06, 1
S03, Trade, 259192.633, 92, S03, B10, 1
S03, Trade, 259193.783, 90, S03, B24, 1
S04, 100
S04, Trade, 258688.583, 140, B20, S04, 1
S04, Trade, 258691.733, 63, S04, B16, 1
S04, Trade, 258694.017, 140, B23, S04, 1
S04, Trade, 258701.667, 107, B07, S04, 1
S04, Trade, 258706.633, 130, B06, S04, 1
S04, Trade, 258708.767, 90, B20, S04, 1
S04, Trade, 258718.883, 108, B19, S04, 1
S04, Trade, 258725.200, 112, B17, S04, 1
S04, Trade, 258731.183, 93, B27, S04, 1
S04, Trade, 258734.767, 127, B22, S04, 1
S04, Trade, 258740.417, 131, B10, S04, 1
S04, Trade, 258747.833, 128, B27, S04, 1
S04, Trade, 258751.133, 125, B03, S04, 1
S04, Trade, 258755.833, 118, B13, S04, 1
S04, Trade, 258761.750, 107, B02, S04, 1
S04, Trade, 258766.183, 110, B02, S04, 1
S04, Trade, 258772.967, 107, B09, S04, 1
S04, Trade, 258775.200, 130, B04, S04, 1
S04, Trade, 258782.000, 114, B02, S04, 1
S04, Trade, 258784.267, 83, B29, S04, 1
S04, Trade, 258791.433, 105, B05, S04, 1
S04, Trade, 258795.183, 106, B17, S04, 1
S04, Trade, 258802.950, 104, B28, S04, 1
S04, Trade, 258806.633, 119, B29, S04, 1
S04, Trade, 258813.533, 109, B21, S04, 1
S04, Trade, 258818.933, 127, B03, S04, 1
S04, Trade, 258822.483, 85, B06, S04, 1
S04, Trade, 258826.317, 87, B13, S04, 1
S04, Trade, 258833.883, 138, B03, S04, 1
S04, Trade, 258837.250, 110, B18, S04, 1
S04, Trade, 258844.333, 127, B06, S04, 1
S04, Trade, 258847.133, 140, B22, S04, 1
S04, Trade, 258852.933, 79, B00, S04, 1
S04, Trade, 258859.483, 112, B09, S04, 1
S04, Trade, 258863.433, 115, B27, S04, 1
S04, Trade, 258867.283, 119, B15, S04, 1
S04, Trade, 258871.717, 121, B25, S04, 1
S04, Trade, 258880.500, 95, B25, S04, 1
S04, Trade, 258882.250, 126, B21, S04, 1
S04, Trade, 258887.450, 110, B04, S04, 1
S04, Trade, 258890.267, 126, B28, S04, 1
S04, Trade, 258896.183, 121, B18, S04, 1
S04, Trade, 258899.817, 84, B20, S04, 1
S04, Trade, 258908.133, 101, B00, S04, 1
S04, Trade, 258911.467, 90, B28, S04, 1
S04, Trade, 258922.517, 135, B14, S04, 1
S04, Trade, 258924.750, 135, B00, S04, 1
S04, Trade, 258931.150, 132, B13, S04, 1
S04, Trade, 258935.083, 118, B05, S04, 1
S04, Trade, 258943.883, 113, B15, S04, 1
S04, Trade, 258948.233, 99, B25, S04, 1
S04, Trade, 258952.100, 97, B15, S04, 1
S04, Trade, 258956.000, 125, B04, S04, 1
S04, Trade, 258961.600, 112, B05, S04, 1
S04, Trade, 258964.933, 110, B10, S04, 1
S04, Trade, 258970.433, 71, B27, S04, 1
S04, Trade, 258977.917, 68, S04, B11, 1
S04, Trade, 258982.867, 118, B13, S04, 1
S04, Trade, 258988.017, 115, B15, S04, 1
S04, Trade, 258994.383, 110, B08, S04, 1
S04, Trade, 259002.400, 63, S04, B12, 1
S04, Trade, 259004.067, 60, S04, B04, 1
S04, Trade, 259009.400, 119, B08, S04, 1
S04, Trade, 259013.150, 121, B27, S04, 1
S04, Trade, 259017.517, 105, B24, S04, 1
S04, Trade, 259022.750, 108, B13, S04, 1
S04, Trade, 259025.717, 140, B23, S04, 1
S04, Trade, 259034.117, 112, B15, S04, 1
S04, Trade, 259036.983, 120, B13, S04, 1
S04, Trade, 259042.250, 120, B29, S04, 1
S04, Trade, 259048.217, 118, B10, S04, 1
S04, Trade, 259054.467, 128, B27, S04, 1
S04, Trade, 259058.000, 117, B15, S04, 1
S04, Trade, 259066.133, 108, B26, S04, 1
S04, Trade, 259072.050, 134, B09, S04, 1
S04, Trade, 259076.100, 111, B08, S04, 1
S04, Trade, 259077.667, 134, B14, S04, 1
S04, Trade, 259083.967, 137, B00, S04, 1
S04, Trade, 259087.033, 115, B20, S04, 1
S04, Trade, 259095.050, 98, B22, S04, 1
S04, Trade, 259098.250, 69, B26, S04, 1
S04, Trade, 259105.800, 136, B00, S04, 1
S04, Trade, 259109.333, 113, B19, S04, 1
S04, Trade, 259115.917, 126, B04, S04, 1
S04, Trade, 259116.167, 122, B26, S04, 1
S04, Trade, 259125.467, 135, B02, S04, 1
S04, Trade, 259127.167, 123, B06, S04, 1
S04, Trade, 259136.417, 122, B18, S04, 1
S04, Trade, 259139.267, 131, B21, S04, 1
S04, Trade, 259141.667, 114, B00, S04, 1
S04, Trade, 259151.333, 140, B01, S04, 1
S04, Trade, 259154.433, 125, B05, S04, 1
S04, Trade, 259160.433, 95, B13, S04, 1
S04, Trade, 259165.700, 140, B01, S04, 1
S04, Trade, 259170.267, 105, B18, S04, 1
S04, Trade, 259176.783, 106, B17, S04, 1
S04, Trade, 259180.417, 108, B27, S04, 1
S04, Trade, 259182.650, 108, B20, S04, 1
S04, Trade, 259188.050, 122, B08, S04, 1
S04, Trade, 259195.000, 75, B05, S04, 1
S05, 100
S05, Trade, 258289.467, 125, B02, S05, 1
S05, Trade, 258291.133, 106, B26, S05, 1
S05, Trade, 258299.633, 140, B23, S05, 1
S05, Trade, 258308.117, 121, B18, S05, 1
S05, Trade, 258319.433, 140, B09, S05, 1
S05, Trade, 258342.283, 134, B14, S05, 1
S05, Trade, 258351.783, 123, B16, S05, 1
S05, Trade, 258369.350, 115, B21, S05, 1
S05, Trade, 258373.450, 102, B25, S05, 1
S05, Trade, 258384.417, 109, B21, S05, 1
S05, Trade, 258388.267, 120, B11, S05, 1
S05, Trade, 258405.100, 119, B07, S05, 1
S05, Trade, 258413.467, 128, B08, S05, 1
S05, Trade, 258423.917, 110, B19, S05, 1
S05, Trade, 258432.833, 96, B22, S05, 1
S05, Trade, 258460.233, 116, B25, S05, 1
S05, Trade, 258466.650, 124, S05, B24, 1
S05, Trade, 258482.750, 126, B08, S05, 1
S05, Trade, 258485.267, 102, B26, S05, 1
S05, Trade, 258491.183, 119, S05, B04, 1
S05, Trade, 258499.100, 140, B14, S05, 1
S05, Trade, 258509.000, 121, B19, S05, 1
S05, Trade, 258512.950, 126, B20, S05, 1
S05, Trade, 258525.817, 133, B03, S05, 1
S05, Trade, 258532.783, 136, S05, B14, 1
S05, Trade, 258540.000, 94, B18, S05, 1
S05, Trade, 258544.050, 113, B03, S05, 1
S05, Trade, 258572.383, 133, B03, S05, 1
S05, Trade, 258581.067, 120, B26, S05, 1
S05, Trade, 258592.367, 118, B26, S05, 1
S05, Trade, 258596.500, 114, B17, S05, 1
S05, Trade, 258602.350, 129, B02, S05, 1
S05, Trade, 258607.683, 118, B25, S05, 1
S05, Trade, 258610.400, 134, B07, S05, 1
S05, Trade, 258619.367, 134, B01, S05, 1
S05, Trade, 258625.917, 122, B27, S05, 1
S05, Trade, 258631.617, 97, B15, S05, 1
S05, Trade, 258656.350, 137, B07, S05, 1
S05, Trade, 258662.600, 104, S05, B18, 1
S05, Trade, 258670.533, 72, S05, B04, 1
S05, Trade, 258673.567, 99, B27, S05, 1
S05, Trade, 258686.783, 137, S05, B11, 1
S05, Trade, 258690.967, 80, B03, S05, 1
S05, Trade, 258707.033, 112, B21, S05, 1
S05, Trade, 258720.250, 104, S05, B06, 1
S05, Trade, 258723.350, 126, S05, B03, 1
S05, Trade, 258727.600, 122, B28, S05, 1
S05, Trade, 258732.200, 82, B20, S05, 1
S05, Trade, 258738.100, 139, B03, S05, 1
S05, Trade, 258741.233, 91, B17, S05, 1
S05, Trade, 258746.883, 140, B24, S05, 1
S05, Trade, 258758.383, 106, B20, S05, 1
S05, Trade, 258760.367, 91, B19, S05, 1
S05, Trade, 258786.333, 125, S05, B14, 1
S05, Trade, 258790.717, 107, S05, B28, 1
S05, Trade, 258798.733, 117, B15, S05, 1
S05, Trade, 258804.000, 104, B00, S05, 1
S05, Trade, 258811.833, 112, B19, S05, 1
S05, Trade, 258819.533, 122, B25, S05, 1
S05, Trade, 258843.117, 115, S05, B03, 1
S05, Trade, 258847.183, 139, B23, S05, 1
S05, Trade, 258853.350, 78, B12, S05, 1
S05, Trade, 258864.383, 96, S05, B04, 1
S05, Trade, 258867.917, 109, B28, S05, 1
S05, Trade, 258876.217, 89, B26, S05, 1
S05, Trade, 258881.367, 88, B09, S05, 1
S05, Trade, 258895.000, 131, B21, S05, 1
S05, Trade, 258898.950, 108, B29, S05, 1
S05, Trade, 258914.400, 132, B22, S05, 1
S05, Trade, 258919.583, 122, B08, S05, 1
S05, Trade, 258922.533, 126, B17, S05, 1
S05, Trade, 258940.400, 108, B16, S05, 1
S05, Trade, 258949.567, 110, S05, B06, 1
S05, Trade, 258960.117, 139, B25, S05, 1
S05, Trade, 258970.517, 102, S05, B17, 1
S05, Trade, 258973.533, 115, B25, S05, 1
S05, Trade, 258999.050, 113, B29, S05, 1
S05, Trade, 259005.567, 140, B23, S05, 1
S05, Trade, 259015.250, 115, B10, S05, 1
S05, Trade, 259022.650, 120, B22, S05, 1
S05, Trade, 259032.733, 110, B27, S05, 1
S05, Trade, 259049.050, 127, S05, B01, 1
S05, Trade, 259051.533, 129, B00, S05, 1
S05, Trade, 259063.650, 140, B25, S05, 1
S05, Trade, 259093.767, 116, B25, S05, 1
S05, Trade, 259099.600, 124, B02, S05, 1
S05, Trade, 259103.067, 101, B06, S05, 1
S05, Trade, 259108.967, 122, B13, S05, 1
S05, Trade, 259115.283, 126, B22, S05, 1
S05, Trade, 259120.800, 110, B29, S05, 1
S05, Trade, 259127.567, 88, B15, S05, 1
S05, Trade, 259133.817, 123, B09, S05, 1
S05, Trade, 259143.117, 90, B13, S05, 1
S05, Trade, 259153.650, 134, S05, B03, 1
S05, Trade, 259161.333, 119, B05, S05, 1
S05, Trade, 259164.833, 120, B29, S05, 1
S05, Trade, 259173.183, 125, B11, S05, 1
S05, Trade, 259177.767, 99, B22, S05, 1
S05, Trade, 259191.683, 140, B01, S05, 1
S05, Trade, 259196.600, 140, B25, S05, 1
S06, 100
S06, Trade, 258666.733, 99, B06, S06, 1
S06, Trade, 258671.983, 100, B18, S06, 1
S06, Trade, 258677.250, 91, B22, S06, 1
S06, Trade, 258685.533, 140, B07, S06, 1
S06, Trade, 258688.817, 136, B14, S06, 1
S06, Trade, 258692.150, 62, B25, S06, 1
S06, Trade, 258696.033, 131, B11, S06, 1
S06, Trade, 258703.317, 110, B18, S06, 1
S06, Trade, 258711.383, 135, B11, S06, 1
S06, Trade, 258715.200, 83, B12, S06, 1
S06, Trade, 258721.617, 107, B20, S06, 1
S06, Trade, 258727.217, 123, B22, S06, 1
S06, Trade, 258732.117, 99, B12, S06, 1
S06, Trade, 258735.367, 92, B18, S06, 1
S06, Trade, 258742.267, 118, B06, S06, 1
S06, Trade, 258749.233, 108, B26, S06, 1
S06, Trade, 258755.017, 133, B12, S06, 1
S06, Trade, 258762.267, 104, B22, S06, 1
S06, Trade, 258765.733, 111, B19, S06, 1
S06, Trade, 258771.283, 104, B07, S06, 1
S06, Trade, 258775.133, 103, B19, S06, 1
S06, Trade, 258780.567, 120, B24, S06, 1
S06, Trade, 258784.250, 94, B28, S06, 1
S06, Trade, 258790.683, 104, B07, S06, 1
S06, Trade, 258799.283, 111, B08, S06, 1
S06, Trade, 258801.667, 119, B20, S06, 1
S06, Trade, 258808.483, 102, B26, S06, 1
S06, Trade, 258813.183, 133, B00, S06, 1
S06, Trade, 258815.250, 83, B27, S06, 1
S06, Trade, 258822.583, 77, B28, S06, 1
S06, Trade, 258828.700, 140, B09, S06, 1
S06, Trade, 258833.933, 117, B20, S06, 1
S06, Trade, 258838.500, 107, B26, S06, 1
S06, Trade, 258843.550, 100, B00, S06, 1
S06, Trade, 258845.900, 112, B27, S06, 1
S06, Trade, 258850.267, 114, B09, S06, 1
S06, Trade, 258855.483, 126, B20, S06, 1
S06, Trade, 258863.667, 106, B13, S06, 1
S06, Trade, 258869.467, 124, B09, S06, 1
S06, Trade, 258880.550, 94, B17, S06, 1
S06, Trade, 258883.500, 111, B13, S06, 1
S06, Trade, 258885.833, 115, B00, S06, 1
S06, Trade, 258890.817, 119, B02, S06, 1
S06, Trade, 258898.733, 120, B12, S06, 1
S06, Trade, 258904.383, 122, B00, S06, 1
S06, Trade, 258908.733, 140, B27, S06, 1
S06, Trade, 258913.550, 110, B08, S06, 1
S06, Trade, 258914.500, 136, B27, S06, 1
S06, Trade, 258922.600, 121, B10, S06, 1
S06, Trade, 258927.667, 110, B09, S06, 1
S06, Trade, 258934.283, 130, B07, S06, 1
S06, Trade, 258937.350, 96, B28, S06, 1
S06, Trade, 258943.833, 117, B26, S06, 1
S06, Trade, 258949.733, 101, B16, S06, 1
S06, Trade, 258952.617, 124, B03, S06, 1
S06, Trade, 258957.317, 97, B05, S06, 1
S06, Trade, 258960.283, 139, B22, S06, 1
S06, Trade, 258966.200, 87, B08, S06, 1
S06, Trade, 258972.017, 105, B18, S06, 1
S06, Trade, 258979.083, 68, B25, S06, 1
S06, Trade, 258985.267, 140, B25, S06, 1
S06, Trade, 258999.483, 112, B25, S06, 1
S06, Trade, 259001.817, 104, B26, S06, 1
S06, Trade, 259008.617, 133, B11, S06, 1
S06, Trade, 259015.767, 94, B18, S06, 1
S06, Trade, 259019.283, 75, B15, S06, 1
S06, Trade, 259025.817, 113, B15, S06, 1
S06, Trade, 259029.367, 100, B27, S06, 1
S06, Trade, 259034.083, 122, B04, S06, 1
S06, Trade, 259036.950, 130, B02, S06, 1
S06, Trade, 259041.317, 110, B18, S06, 1
S06, Trade, 259045.750, 126, B13, S06, 1
S06, Trade, 259053.450, 131, B09, S06, 1
S06, Trade, 259058.267, 111, B25, S06, 1
S06, Trade, 259061.350, 124, B16, S06, 1
S06, Trade, 259065.667, 126, B21, S06, 1
S06, Trade, 259076.033, 117, B06, S06, 1
S06, Trade, 259080.633, 102, B00, S06, 1
S06, Trade, 259083.317, 123, B04, S06, 1
S06, Trade, 259086.617, 132, B12, S06, 1
S06, Trade, 259095.083, 94, B18, S06, 1
S06, Trade, 259097.100, 82, B17, S06, 1
S06, Trade, 259104.367, 140, B09, S06, 1
S06, Trade, 259109.183, 117, B22, S06, 1
S06, Trade, 259116.967, 130, B25, S06, 1
S06, Trade, 259120.317, 122, B27, S06, 1
S06, Trade, 259125.750, 122, B19, S06, 1
S06, Trade, 259130.600, 133, B03, S06, 1
S06, Trade, 259134.167, 117, B25, S06, 1
S06, Trade, 259139.067, 132, B08, S06, 1
S06, Trade, 259145.300, 95, B29, S06, 1
S06, Trade, 259146.917, 68, B27, S06, 1
S06, Trade, 259154.917, 108, B19, S06, 1
S06, Trade, 259157.000, 88, B26, S06, 1
S06, Trade, 259164.933, 113, B20, S06, 1
S06, Trade, 259171.067, 103, B09, S06, 1
S06, Trade, 259175.850, 110, B00, S06, 1
S06, Trade, 259184.100, 102, B13, S06, 1
S06, Trade, 259187.733, 134, B11, S06, 1
S06, Trade, 259191.800, 111, B12, S06, 1
S07, 100
S07, Trade, 258465.350, 108, S07, B08, 1
S07, Trade, 258478.750, 99, S07, B11, 1
S07, Trade, 258485.633, 117, S07, B11, 1
S07, Trade, 258490.250, 124, S07, B23, 1
S07, Trade, 258500.700, 128, B17, S07, 1
S07, Trade, 258505.150, 130, S07, B24, 1
S07, Trade, 258512.133, 138, B14, S07, 1
S07, Trade, 258516.717, 118, S07, B11, 1
S07, Trade, 258531.600, 139, S07, B29, 1
S07, Trade, 258542.883, 113, S07, B14, 1
S07, Trade, 258552.300, 134, S07, B11, 1
S07, Trade, 258561.617, 124, S07, B08, 1
S07, Trade, 258571.133, 133, S07, B17, 1
S07, Trade, 258578.817, 135, B27, S07, 1
S07, Trade, 258580.133, 135, S07, B23, 1
S07, Trade, 258590.300, 114, S07, B12, 1
S07, Trade, 258595.150, 122, S07, B11, 1
S07, Trade, 258603.483, 129, S07, B14, 1
S07, Trade, 258608.733, 99, S07, B02, 1
S07, Trade, 258614.900, 120, S07, B06, 1
S07, Trade, 258623.833, 123, S07, B03, 1
S07, Trade, 258643.917, 139, B14, S07, 1
S07, Trade, 258649.550, 135, S07, B01, 1
S07, Trade, 258659.333, 132, S07, B01, 1
S07, Trade, 258663.033, 99, S07, B02, 1
S07, Trade, 258671.967, 111, S07, B12, 1
S07, Trade, 258673.067, 107, S07, B11, 1
S07, Trade, 258676.867, 94, S07, B29, 1
S07, Trade, 258681.233, 136, S07, B04, 1
S07, Trade, 258690.767, 81, B27, S07, 1
S07, Trade, 258692.167, 69, S07, B15, 1
S07, Trade, 258697.367, 135, S07, B01, 1
S07, Trade, 258704.200, 136, S07, B14, 1
S07, Trade, 258712.900, 119, S07, B28, 1
S07, Trade, 258718.567, 124, S07, B03, 1
S07, Trade, 258721.667, 131, S07, B23, 1
S07, Trade, 258731.433, 103, S07, B01, 1
S07, Trade, 258741.167, 112, S07, B02, 1
S07, Trade, 258752.600, 132, S07, B06, 1
S07, Trade, 258756.967, 108, S07, B14, 1
S07, Trade, 258759.150, 114, S07, B11, 1
S07, Trade, 258773.333, 111, S07, B12, 1
S07, Trade, 258781.950, 137, B23, S07, 1
S07, Trade, 258786.233, 121, S07, B27, 1
S07, Trade, 258789.550, 131, S07, B24, 1
S07, Trade, 258803.083, 127, S07, B12, 1
S07, Trade, 258809.517, 134, S07, B01, 1
S07, Trade, 258811.217, 135, S07, B14, 1
S07, Trade, 258814.983, 91, S07, B17, 1
S07, Trade, 258820.133, 138, B22, S07, 1
S07, Trade, 258830.650, 131, S07, B02, 1
S07, Trade, 258836.550, 132, S07, B01, 1
S07, Trade, 258841.617, 100, S07, B12, 1
S07, Trade, 258850.567, 127, S07, B01, 1
S07, Trade, 258858.717, 128, B02, S07, 1
S07, Trade, 258863.017, 127, S07, B01, 1
S07, Trade, 258866.717, 133, S07, B03, 1
S07, Trade, 258873.083, 137, S07, B23, 1
S07, Trade, 258879.117, 120, S07, B15, 1
S07, Trade, 258891.583, 127, S07, B07, 1
S07, Trade, 258898.917, 131, S07, B14, 1
S07, Trade, 258904.350, 136, S07, B23, 1
S07, Trade, 258907.133, 137, S07, B11, 1
S07, Trade, 258918.850, 121, B07, S07, 1
S07, Trade, 258926.167, 131, S07, B10, 1
S07, Trade, 258928.700, 128, S07, B04, 1
S07, Trade, 258939.267, 131, S07, B23, 1
S07, Trade, 258945.017, 124, S07, B16, 1
S07, Trade, 258948.133, 131, S07, B14, 1
S07, Trade, 258958.467, 139, S07, B24, 1
S07, Trade, 258967.383, 111, S07, B01, 1
S07, Trade, 258969.467, 76, S07, B28, 1
S07, Trade, 258974.200, 123, S07, B27, 1
S07, Trade, 258995.100, 133, S07, B01, 1
S07, Trade, 259000.300, 121, S07, B18, 1
S07, Trade, 259016.750, 124, S07, B06, 1
S07, Trade, 259023.400, 138, S07, B25, 1
S07, Trade, 259033.600, 134, S07, B29, 1
S07, Trade, 259042.750, 136, S07, B16, 1
S07, Trade, 259048.283, 131, S07, B23, 1
S07, Trade, 259058.667, 140, S07, B00, 1
S07, Trade, 259068.633, 109, S07, B01, 1
S07, Trade, 259070.517, 139, S07, B25, 1
S07, Trade, 259071.900, 135, S07, B00, 1
S07, Trade, 259079.433, 113, S07, B24, 1
S07, Trade, 259091.150, 128, S07, B23, 1
S07, Trade, 259095.650, 110, S07, B14, 1
S07, Trade, 259112.583, 127, S07, B04, 1
S07, Trade, 259122.650, 134, S07, B14, 1
S07, Trade, 259131.817, 135, B02, S07, 1
S07, Trade, 259134.100, 131, S07, B03, 1
S07, Trade, 259138.967, 140, S07, B14, 1
S07, Trade, 259143.900, 75, S07, B04, 1
S07, Trade, 259157.450, 114, S07, B02, 1
S07, Trade, 259164.733, 128, S07, B10, 1
S07, Trade, 259166.517, 140, S07, B14, 1
S07, Trade, 259170.917, 135, S07, B23, 1
S07, Trade, 259178.017, 120, S07, B14, 1
S07, Trade, 259185.383, 125, S07, B24, 1
S07, Trade, 259192.367, 91, S07, B13, 1
S08, 100
S08, Trade, 258536.250, 129, S08, B03, 1
S08, Trade, 258541.183, 115, B11, S08, 1
S08, Trade, 258550.533, 138, B23, S08, 1
S08, Trade, 258553.417, 123, S08, B16, 1
S08, Trade, 258559.100, 139, S08, B14, 1
S08, Trade, 258568.900, 137, S08, B23, 1
S08, Trade, 258578.517, 135, B09, S08, 1
S08, Trade, 258584.817, 140, S08, B11, 1
S08, Trade, 258589.417, 119, S08, B03, 1
S08, Trade, 258594.367, 124, S08, B24, 1
S08, Trade, 258604.650, 128, S08, B12, 1
S08, Trade, 258608.600, 99, S08, B29, 1
S08, Trade, 258612.417, 135, S08, B12, 1
S08, Trade, 258622.683, 125, S08, B07, 1
S08, Trade, 258631.950, 121, S08, B23, 1
S08, Trade, 258639.067, 100, S08, B14, 1
S08, Trade, 258643.400, 138, B20, S08, 1
S08, Trade, 258650.883, 132, S08, B11, 1
S08, Trade, 258659.550, 133, S08, B14, 1
S08, Trade, 258664.400, 110, S08, B11, 1
S08, Trade, 258668.883, 110, S08, B03, 1
S08, Trade, 258684.700, 140, B09, S08, 1
S08, Trade, 258691.567, 61, S08, B11, 1
S08, Trade, 258704.383, 138, S08, B23, 1
S08, Trade, 258708.983, 133, S08, B23, 1
S08, Trade, 258713.333, 119, S08, B24, 1
S08, Trade, 258719.617, 131, S08, B04, 1
S08, Trade, 258720.983, 131, S08, B08, 1
S08, Trade, 258730.967, 95, B15, S08, 1
S08, Trade, 258735.100, 135, S08, B02, 1
S08, Trade, 258744.683, 130, S08, B07, 1
S08, Trade, 258751.900, 135, S08, B12, 1
S08, Trade, 258757.500, 107, S08, B23, 1
S08, Trade, 258760.717, 121, B08, S08, 1
S08, Trade, 258773.467, 112, S08, B14, 1
S08, Trade, 258782.600, 138, S08, B01, 1
S08, Trade, 258787.200, 130, S08, B02, 1
S08, Trade, 258790.517, 106, S08, B16, 1
S08, Trade, 258808.033, 115, S08, B01, 1
S08, Trade, 258815.900, 107, S08, B29, 1
S08, Trade, 258820.083, 139, S08, B27, 1
S08, Trade, 258825.317, 122, S08, B08, 1
S08, Trade, 258837.767, 127, B24, S08, 1
S08, Trade, 258843.967, 138, S08, B12, 1
S08, Trade, 258850.517, 126, S08, B14, 1
S08, Trade, 258852.900, 106, S08, B02, 1
S08, Trade, 258857.850, 130, S08, B14, 1
S08, Trade, 258863.950, 126, S08, B07, 1
S08, Trade, 258869.600, 128, B25, S08, 1
S08, Trade, 258876.717, 118, S08, B06, 1
S08, Trade, 258880.417, 119, S08, B24, 1
S08, Trade, 258888.133, 138, S08, B01, 1
S08, Trade, 258891.333, 112, S08, B04, 1
S08, Trade, 258897.217, 136, S08, B11, 1
S08, Trade, 258908.000, 136, S08, B14, 1
S08, Trade, 258915.267, 131, S08, B23, 1
S08, Trade, 258928.267, 126, B25, S08, 1
S08, Trade, 258934.567, 132, S08, B11, 1
S08, Trade, 258944.617, 125, S08, B02, 1
S08, Trade, 258950.700, 118, S08, B11, 1
S08, Trade, 258955.150, 131, S08, B23, 1
S08, Trade, 258963.133, 131, B20, S08, 1
S08, Trade, 258966.217, 109, S08, B16, 1
S08, Trade, 258976.383, 88, S08, B08, 1
S08, Trade, 258979.367, 98, S08, B07, 1
S08, Trade, 258987.550, 140, S08, B23, 1
S08, Trade, 258997.083, 136, S08, B01, 1
S08, Trade, 259000.350, 123, S08, B17, 1
S08, Trade, 259003.083, 99, S08, B10, 1
S08, Trade, 259009.650, 139, S08, B23, 1
S08, Trade, 259015.217, 127, S08, B03, 1
S08, Trade, 259020.333, 106, S08, B12, 1
S08, Trade, 259024.767, 128, S08, B10, 1
S08, Trade, 259027.217, 138, S08, B00, 1
S08, Trade, 259034.167, 129, S08, B01, 1
S08, Trade, 259040.433, 136, S08, B03, 1
S08, Trade, 259047.033, 136, S08, B11, 1
S08, Trade, 259049.483, 131, S08, B02, 1
S08, Trade, 259055.250, 116, B13, S08, 1
S08, Trade, 259060.850, 133, S08, B11, 1
S08, Trade, 259066.833, 131, S08, B02, 1
S08, Trade, 259070.733, 139, B22, S08, 1
S08, Trade, 259075.433, 135, S08, B01, 1
S08, Trade, 259083.267, 126, S08, B11, 1
S08, Trade, 259092.000, 133, S08, B04, 1
S08, Trade, 259095.817, 126, S08, B01, 1
S08, Trade, 259099.167, 134, S08, B14, 1
S08, Trade, 259110.217, 137, S08, B03, 1
S08, Trade, 259112.750, 129, S08, B03, 1
S08, Trade, 259119.783, 140, S08, B22, 1
S08, Trade, 259131.183, 136, S08, B14, 1
S08, Trade, 259138.400, 140, B01, S08, 1
S08, Trade, 259142.017, 115, S08, B15, 1
S08, Trade, 259147.767, 71, S08, B06, 1
S08, Trade, 259157.733, 115, S08, B02, 1
S08, Trade, 259161.017, 136, B00, S08, 1
S08, Trade, 259166.300, 140, B23, S08, 1
S08, Trade, 259171.750, 139, S08, B12, 1
S08, Trade, 259182.433, 137, S08, B23, 1
S08, Trade, 259192.567, 91, S08, B29, 1
S09, 100
S09, Trade, 258372.700, 108, S09, B24, 1
S09, Trade, 258377.900, 118, S09, B02, 1
S09, Trade, 258380.617, 140, B01, S09, 1
S09, Trade, 258399.200, 137, B07, S09, 1
S09, Trade, 258402.617, 140, B00, S09, 1
S09, Trade, 258418.650, 129, B02, S09, 1
S09, Trade, 258423.033, 140, B01, S09, 1
S09, Trade, 258429.717, 119, B05, S09, 1
S09, Trade, 258441.983, 123, B12, S09, 1
S09, Trade, 258447.033, 99, B26, S09, 1
S09, Trade, 258453.283, 111, B10, S09, 1
S09, Trade, 258461.850, 107, B29, S09, 1
S09, Trade, 258463.917, 125, B25, S09, 1
S09, Trade, 258473.033, 128, B25, S09, 1
S09, Trade, 258482.833, 122, B06, S09, 1
S09, Trade, 258490.483, 117, B00, S09, 1
S09, Trade, 258498.017, 140, B00, S09, 1
S09, Trade, 258503.933, 129, S09, B23, 1
S09, Trade, 258512.900, 133, B29, S09, 1
S09, Trade, 258519.333, 85, B15, S09, 1
S09, Trade, 258531.117, 136, B20, S09, 1
S09, Trade, 258546.000, 86, B26, S09, 1
S09, Trade, 258554.517, 133, B11, S09, 1
S09, Trade, 258561.217, 110, B26, S09, 1
S09, Trade, 258583.467, 129, B28, S09, 1
S09, Trade, 258586.467, 128, B29, S09, 1
S09, Trade, 258599.717, 140, B22, S09, 1
S09, Trade, 258604.533, 128, B27, S09, 1
S09, Trade, 258607.533, 116, S09, B12, 1
S09, Trade, 258612.183, 120, B19, S09, 1
S09, Trade, 258625.500, 106, S09, B15, 1
S09, Trade, 258636.650, 122, B20, S09, 1
S09, Trade, 258637.817, 112, B18, S09, 1
S09, Trade, 258645.633, 126, B08, S09, 1
S09, Trade, 258652.100, 134, B22, S09, 1
S09, Trade, 258655.633, 130, S09, B08, 1
S09, Trade, 258665.967, 137, B00, S09, 1
S09, Trade, 258678.250, 119, B25, S09, 1
S09, Trade, 258679.967, 138, B14, S09, 1
S09, Trade, 258686.433, 129, B29, S09, 1
S09, Trade, 258698.117, 126, B08, S09, 1
S09, Trade, 258701.267, 100, B04, S09, 1
S09, Trade, 258712.850, 110, B08, S09, 1
S09, Trade, 258721.800, 103, B21, S09, 1
S09, Trade, 258734.633, 129, S09, B03, 1
S09, Trade, 258750.033, 140, B23, S09, 1
S09, Trade, 258758.700, 82, B18, S09, 1
S09, Trade, 258761.867, 129, B12, S09, 1
S09, Trade, 258769.350, 115, B13, S09, 1
S09, Trade, 258775.633, 131, B21, S09, 1
S09, Trade, 258783.150, 127, B07, S09, 1
S09, Trade, 258785.250, 95, S09, B08, 1
S09, Trade, 258794.650, 133, B03, S09, 1
S09, Trade, 258800.433, 138, B02, S09, 1
S09, Trade, 258804.050, 101, B09, S09, 1
S09, Trade, 258805.617, 110, B06, S09, 1
S09, Trade, 258818.967, 136, S09, B10, 1
S09, Trade, 258823.433, 86, B26, S09, 1
S09, Trade, 258829.417, 114, B19, S09, 1
S09, Trade, 258851.583, 102, B13, S09, 1
S09, Trade, 258859.650, 111, B13, S09, 1
S09, Trade, 258873.700, 125, B22, S09, 1
S09, Trade, 258881.900, 133, B00, S09, 1
S09, Trade, 258887.117, 140, B11, S09, 1
S09, Trade, 258898.533, 112, B28, S09, 1
S09, Trade, 258910.633, 106, B18, S09, 1
S09, Trade, 258911.100, 94, B12, S09, 1
S09, Trade, 258925.167, 127, B22, S09, 1
S09, Trade, 258928.550, 125, B20, S09, 1
S09, Trade, 258947.833, 109, B10, S09, 1
S09, Trade, 258951.183, 99, B02, S09, 1
S09, Trade, 258963.483, 123, B24, S09, 1
S09, Trade, 258966.850, 87, B21, S09, 1
S09, Trade, 258981.000, 102, B22, S09, 1
S09, Trade, 258995.633, 97, B19, S09, 1
S09, Trade, 259000.583, 127, S09, B14, 1
S09, Trade, 259010.450, 134, B12, S09, 1
S09, Trade, 259019.583, 140, B10, S09, 1
S09, Trade, 259028.550, 110, B13, S09, 1
S09, Trade, 259040.350, 121, B19, S09, 1
S09, Trade, 259045.383, 135, B27, S09, 1
S09, Trade, 259056.150, 115, B27, S09, 1
S09, Trade, 259057.200, 134, S09, B24, 1
S09, Trade, 259064.733, 140, B14, S09, 1
S09, Trade, 259065.683, 118, B24, S09, 1
S09, Trade, 259082.000, 115, B28, S09, 1
S09, Trade, 259085.633, 108, B19, S09, 1
S09, Trade, 259095.283, 99, S09, B07, 1
S09, Trade, 259098.300, 71, S09, B03, 1
S09, Trade, 259101.800, 96, B15, S09, 1
S09, Trade, 259106.233, 135, B06, S09, 1
S09, Trade, 259114.583, 137, B14, S09, 1
S09, Trade, 259126.983, 94, B13, S09, 1
S09, Trade, 259130.333, 133, B20, S09, 1
S09, Trade, 259144.617, 77, S09, B05, 1
S09, Trade, 259154.783, 120, B24, S09, 1
S09, Trade, 259163.483, 91, B00, S09, 1
S09, Trade, 259170.100, 126, S09, B01, 1
S09, Trade, 259180.817, 117, B03, S09, 1
S09, Trade, 259189.450, 135, B02, S09, 1
S10, 100
S10, Trade, 258690.517, 129, B04, S10, 1
S10, Trade, 258695.583, 138, B24, S10, 1
S10, Trade, 258703.067, 115, B22, S10, 1
S10, Trade, 258707.133, 109, B17, S10, 1
S10, Trade, 258709.733, 89, B19, S10, 1
S10, Trade, 258717.183, 112, B27, S10, 1
S10, Trade, 258718.900, 107, B07, S10, 1
S10, Trade, 258728.967, 129, B02, S10, 1
S10, Trade, 258736.517, 114, B12, S10, 1
S10, Trade, 258738.783, 137, B14, S10, 1
S10, Trade, 258749.017, 113, B00, S10, 1
S10, Trade, 258752.917, 121, B13, S10, 1
S10, Trade, 258754.283, 140, B01, S10, 1
S10, Trade, 258763.683, 125, B00, S10, 1
S10, Trade, 258764.850, 137, B14, S10, 1
S10, Trade, 258769.483, 107, B15, S10, 1
S10, Trade, 258777.333, 97, B26, S10, 1
S10, Trade, 258780.917, 116, B10, S10, 1
S10, Trade, 258790.067, 118, B12, S10, 1
S10, Trade, 258790.317, 111, B27, S10, 1
S10, Trade, 258797.083, 118, B29, S10, 1
S10, Trade, 258798.767, 116, B16, S10, 1
S10, Trade, 258807.717, 112, B00, S10, 1
S10, Trade, 258813.483, 118, B24, S10, 1
S10, Trade, 258816.217, 118, B10, S10, 1
S10, Trade, 258821.217, 128, B29, S10, 1
S10, Trade, 258826.700, 112, B22, S10, 1
S10, Trade, 258832.100, 113, B06, S10, 1
S10, Trade, 258840.667, 120, B09, S10, 1
S10, Trade, 258844.567, 104, B17, S10, 1
S10, Trade, 258847.567, 125, B19, S10, 1
S10, Trade, 258852.350, 93, B08, S10, 1
S10, Trade, 258856.867, 111, B04, S10, 1
S10, Trade, 258861.700, 116, B19, S10, 1
S10, Trade, 258867.683, 109, B19, S10, 1
S10, Trade, 258872.250, 113, B21, S10, 1
S10, Trade, 258875.067, 99, B19, S10, 1
S10, Trade, 258881.883, 134, B22, S10, 1
S10, Trade, 258891.017, 108, B22, S10, 1
S10, Trade, 258893.450, 140, B00, S10, 1
S10, Trade, 258899.483, 101, B05, S10, 1
S10, Trade, 258900.033, 97, B06, S10, 1
S10, Trade, 258906.750, 108, B02, S10, 1
S10, Trade, 258914.183, 132, B06, S10, 1
S10, Trade, 258915.950, 128, B22, S10, 1
S10, Trade, 258924.867, 133, B09, S10, 1
S10, Trade, 258927.467, 110, B00, S10, 1
S10, Trade, 258933.700, 136, B22, S10, 1
S10, Trade, 258935.817, 109, B17, S10, 1
S10, Trade, 258944.467, 113, B21, S10, 1
S10, Trade, 258947.267, 117, B19, S10, 1
S10, Trade, 258954.967, 98, B00, S10, 1
S10, Trade, 258960.600, 119, B19, S10, 1
S10, Trade, 258965.000, 137, B11, S10, 1
S10, Trade, 258970.633, 68, B22, S10, 1
S10, Trade, 258971.817, 140, B03, S10, 1
S10, Trade, 258975.400, 90, B26, S10, 1
S10, Trade, 258983.533, 137, B00, S10, 1
S10, Trade, 258985.817, 137, B24, S10, 1
S10, Trade, 258993.067, 136, B06, S10, 1
S10, Trade, 258997.717, 124, B22, S10, 1
S10, Trade, 259003.150, 92, B16, S10, 1
S10, Trade, 259007.367, 140, B27, S10, 1
S10, Trade, 259011.950, 102, B00, S10, 1
S10, Trade, 259016.950, 117, B08, S10, 1
S10, Trade, 259024.967, 89, B21, S10, 1
S10, Trade, 259029.817, 139, B14, S10, 1
S10, Trade, 259034.650, 119, B12, S10, 1
S10, Trade, 259041.267, 112, B24, S10, 1
S10, Trade, 259041.800, 118, B28, S10, 1
S10, Trade, 259045.650, 128, B03, S10, 1
S10, Trade, 259051.783, 127, B24, S10, 1
S10, Trade, 259061.167, 102, B26, S10, 1
S10, Trade, 259065.750, 118, B15, S10, 1
S10, Trade, 259070.833, 122, B04, S10, 1
S10, Trade, 259072.517, 124, B18, S10, 1
S10, Trade, 259075.983, 118, B22, S10, 1
S10, Trade, 259081.983, 116, B09, S10, 1
S10, Trade, 259087.833, 139, B14, S10, 1
S10, Trade, 259092.833, 124, B15, S10, 1
S10, Trade, 259099.000, 109, B08, S10, 1
S10, Trade, 259103.667, 140, B20, S10, 1
S10, Trade, 259110.833, 126, B11, S10, 1
S10, Trade, 259112.083, 110, B08, S10, 1
S10, Trade, 259120.617, 113, B12, S10, 1
S10, Trade, 259127.533, 89, B22, S10, 1
S10, Trade, 259130.983, 136, B27, S10, 1
S10, Trade, 259135.583, 114, B13, S10, 1
S10, Trade, 259137.750, 140, B03, S10, 1
S10, Trade, 259142.333, 103, B28, S10, 1
S10, Trade, 259150.917, 131, B20, S10, 1
S10, Trade, 259155.533, 113, B17, S10, 1
S10, Trade, 259156.950, 93, B08, S10, 1
S10, Trade, 259166.500, 130, B12, S10, 1
S10, Trade, 259170.750, 123, B02, S10, 1
S10, Trade, 259176.017, 109, B20, S10, 1
S10, Trade, 259181.133, 136, B12, S10, 1
S10, Trade, 259185.033, 103, B28, S10, 1
S10, Trade, 259187.983, 138, B14, S10, 1
S10, Trade, 259192.867, 89, B16, S10, 1
S11, 100
S11, Trade, 258371.817, 101, B08, S11, 1
S11, Trade, 258377.733, 136, B23, S11, 1
S11, Trade, 258385.117, 129, B02, S11, 1
S11, Trade, 258390.517, 119, B09, S11, 1
S11, Trade, 258392.667, 123, B11, S11, 1
S11, Trade, 258400.550, 119, B24, S11, 1
S11, Trade, 258412.050, 139, B03, S11, 1
S11, Trade, 258420.900, 126, B03, S11, 1
S11, Trade, 258426.233, 120, B02, S11, 1
S11, Trade, 258433.250, 129, B00, S11, 1
S11, Trade, 258447.583, 125, S11, B03, 1
S11, Trade, 258455.650, 122, B06, S11, 1
S11, Trade, 258468.450, 139, B23, S11, 1
S11, Trade, 258478.333, 96, B28, S11, 1
S11, Trade, 258482.800, 134, S11, B24, 1
S11, Trade, 258491.117, 115, B12, S11, 1
S11, Trade, 258496.300, 104, S11, B08, 1
S11, Trade, 258505.667, 114, B05, S11, 1
S11, Trade, 258520.900, 126, S11, B18, 1
S11, Trade, 258527.067, 105, S11, B24, 1
S11, Trade, 258535.283, 105, B13, S11, 1
S11, Trade, 258539.533, 110, B19, S11, 1
S11, Trade, 258544.117, 114, B10, S11, 1
S11, Trade, 258548.833, 129, B04, S11, 1
S11, Trade, 258560.517, 128, S11, B29, 1
S11, Trade, 258580.333, 134, B09, S11, 1
S11, Trade, 258594.800, 99, B27, S11, 1
S11, Trade, 258597.200, 140, B03, S11, 1
S11, Trade, 258603.600, 128, B07, S11, 1
S11, Trade, 258612.483, 125, B09, S11, 1
S11, Trade, 258619.017, 122, S11, B04, 1
S11, Trade, 258623.633, 135, B24, S11, 1
S11, Trade, 258636.667, 112, B19, S11, 1
S11, Trade, 258641.433, 112, B12, S11, 1
S11, Trade, 258646.550, 140, B23, S11, 1
S11, Trade, 258656.000, 140, B12, S11, 1
S11, Trade, 258660.933, 119, B21, S11, 1
S11, Trade, 258665.617, 137, S11, B25, 1
S11, Trade, 258667.500, 102, S11, B24, 1
S11, Trade, 258675.917, 82, B20, S11, 1
S11, Trade, 258686.000, 134, S11, B03, 1
S11, Trade, 258696.850, 113, B17, S11, 1
S11, Trade, 258704.117, 127, B22, S11, 1
S11, Trade, 258705.833, 140, B01, S11, 1
S11, Trade, 258713.067, 110, S11, B27, 1
S11, Trade, 258722.167, 115, S11, B11, 1
S11, Trade, 258731.000, 96, S11, B11, 1
S11, Trade, 258741.683, 117, S11, B12, 1
S11, Trade, 258747.117, 140, B23, S11, 1
S11, Trade, 258754.033, 117, B29, S11, 1
S11, Trade, 258759.500, 108, S11, B07, 1
S11, Trade, 258766.117, 120, S11, B01, 1
S11, Trade, 258775.483, 140, B01, S11, 1
S11, Trade, 258777.483, 91, B15, S11, 1
S11, Trade, 258784.050, 110, B10, S11, 1
S11, Trade, 258799.750, 117, B09, S11, 1
S11, Trade, 258816.033, 114, S11, B06, 1
S11, Trade, 258819.033, 127, B09, S11, 1
S11, Trade, 258835.583, 138, B11, S11, 1
S11, Trade, 258853.233, 107, S11, B04, 1
S11, Trade, 258859.067, 125, B11, S11, 1
S11, Trade, 258864.967, 92, S11, B23, 1
S11, Trade, 258878.533, 108, B16, S11, 1
S11, Trade, 258884.983, 114, B15, S11, 1
S11, Trade, 258892.717, 122, B07, S11, 1
S11, Trade, 258910.000, 134, B20, S11, 1
S11, Trade, 258913.667, 107, B20, S11, 1
S11, Trade, 258918.617, 102, S11, B05, 1
S11, Trade, 258924.400, 120, B20, S11, 1
S11, Trade, 258935.000, 123, B21, S11, 1
S11, Trade, 258940.517, 124, S11, B23, 1
S11, Trade, 258946.667, 126, B12, S11, 1
S11, Trade, 258954.217, 104, B27, S11, 1
S11, Trade, 258957.133, 120, B21, S11, 1
S11, Trade, 258964.067, 137, B02, S11, 1
S11, Trade, 258971.850, 128, B16, S11, 1
S11, Trade, 258975.217, 120, B08, S11, 1
S11, Trade, 258982.583, 128, B22, S11, 1
S11, Trade, 258989.317, 131, B22, S11, 1
S11, Trade, 258997.867, 140, B23, S11, 1
S11, Trade, 259029.050, 99, B05, S11, 1
S11, Trade, 259061.750, 105, B17, S11, 1
S11, Trade, 259069.283, 118, B29, S11, 1
S11, Trade, 259086.517, 139, B03, S11, 1
S11, Trade, 259097.800, 103, B20, S11, 1
S11, Trade, 259100.300, 119, B25, S11, 1
S11, Trade, 259103.683, 140, B14, S11, 1
S11, Trade, 259112.733, 125, B20, S11, 1
S11, Trade, 259115.567, 137, B29, S11, 1
S11, Trade, 259119.900, 139, B23, S11, 1
S11, Trade, 259130.033, 140, B23, S11, 1
S11, Trade, 259136.000, 120, B22, S11, 1
S11, Trade, 259139.400, 107, B15, S11, 1
S11, Trade, 259150.817, 137, B24, S11, 1
S11, Trade, 259154.867, 108, B07, S11, 1
S11, Trade, 259166.883, 124, B11, S11, 1
S11, Trade, 259173.467, 98, B18, S11, 1
S11, Trade, 259179.917, 131, S11, B06, 1
S11, Trade, 259187.400, 139, S11, B03, 1
S11, Trade, 259198.050, 136, B11, S11, 1
S12, 100
S12, Trade, 258682.850, 140, B01, S12, 1
S12, Trade, 258689.133, 135, B17, S12, 1
S12, Trade, 258699.117, 119, B24, S12, 1
S12, Trade, 258705.967, 120, B00, S12, 1
S12, Trade, 258711.283, 136, B02, S12, 1
S12, Trade, 258717.417, 110, B21, S12, 1
S12, Trade, 258719.083, 107, B26, S12, 1
S12, Trade, 258725.300, 98, B19, S12, 1
S12, Trade, 258734.217, 100, B29, S12, 1
S12, Trade, 258740.850, 127, B13, S12, 1
S12, Trade, 258741.217, 109, B11, S12, 1
S12, Trade, 258748.333, 124, B19, S12, 1
S12, Trade, 258750.550, 135, B01, S12, 1
S12, Trade, 258757.983, 89, B21, S12, 1
S12, Trade, 258759.750, 82, B06, S12, 1
S12, Trade, 258764.950, 131, B21, S12, 1
S12, Trade, 258774.950, 106, B06, S12, 1
S12, Trade, 258776.517, 138, B07, S12, 1
S12, Trade, 258782.317, 135, B11, S12, 1
S12, Trade, 258790.833, 103, B00, S12, 1
S12, Trade, 258793.167, 136, B02, S12, 1
S12, Trade, 258796.933, 124, B00, S12, 1
S12, Trade, 258804.883, 135, B04, S12, 1
S12, Trade, 258807.933, 111, B22, S12, 1
S12, Trade, 258809.433, 125, B13, S12, 1
S12, Trade, 258818.033, 140, B00, S12, 1
S12, Trade, 258822.883, 119, B02, S12, 1
S12, Trade, 258825.450, 108, B24, S12, 1
S12, Trade, 258833.717, 118, B09, S12, 1
S12, Trade, 258839.400, 102, B21, S12, 1
S12, Trade, 258842.900, 114, B28, S12, 1
S12, Trade, 258847.983, 111, B00, S12, 1
S12, Trade, 258854.050, 124, B05, S12, 1
S12, Trade, 258855.933, 119, B27, S12, 1
S12, Trade, 258860.450, 116, B17, S12, 1
S12, Trade, 258868.900, 122, B17, S12, 1
S12, Trade, 258874.233, 112, B20, S12, 1
S12, Trade, 258876.883, 114, B00, S12, 1
S12, Trade, 258884.000, 127, B06, S12, 1
S12, Trade, 258887.517, 134, B12, S12, 1
S12, Trade, 258891.300, 107, B26, S12, 1
S12, Trade, 258897.400, 118, B22, S12, 1
S12, Trade, 258904.750, 119, B10, S12, 1
S12, Trade, 258905.833, 114, B12, S12, 1
S12, Trade, 258910.883, 95, B08, S12, 1
S12, Trade, 258919.833, 121, B12, S12, 1
S12, Trade, 258929.483, 118, B21, S12, 1
S12, Trade, 258930.983, 140, B23, S12, 1
S12, Trade, 258936.733, 124, B27, S12, 1
S12, Trade, 258943.650, 124, B06, S12, 1
S12, Trade, 258946.333, 134, B20, S12, 1
S12, Trade, 258954.433, 130, B24, S12, 1
S12, Trade, 258957.567, 92, B16, S12, 1
S12, Trade, 258965.583, 105, B19, S12, 1
S12, Trade, 258974.883, 122, B28, S12, 1
S12, Trade, 258978.133, 63, S12, B03, 1
S12, Trade, 258981.917, 135, B09, S12, 1
S12, Trade, 258987.583, 121, B11, S12, 1
S12, Trade, 258991.817, 139, B09, S12, 1
S12, Trade, 258999.250, 113, B27, S12, 1
S12, Trade, 259003.933, 60, S12, B07, 1
S12, Trade, 259010.017, 116, B22, S12, 1
S12, Trade, 259011.450, 123, B25, S12, 1
S12, Trade, 259020.283, 85, B08, S12, 1
S12, Trade, 259025.783, 140, B20, S12, 1
S12, Trade, 259029.800, 140, B23, S12, 1
S12, Trade, 259032.783, 106, B19, S12, 1
S12, Trade, 259040.217, 132, B20, S12, 1
S12, Trade, 259044.283, 140, B25, S12, 1
S12, Trade, 259049.967, 120, B09, S12, 1
S12, Trade, 259054.583, 135, B02, S12, 1
S12, Trade, 259060.900, 110, B06, S12, 1
S12, Trade, 259063.617, 140, B22, S12, 1
S12, Trade, 259066.017, 116, B19, S12, 1
S12, Trade, 259074.017, 138, B24, S12, 1
S12, Trade, 259077.183, 109, B09, S12, 1
S12, Trade, 259085.133, 140, B22, S12, 1
S12, Trade, 259089.917, 126, B27, S12, 1
S12, Trade, 259094.967, 124, B12, S12, 1
S12, Trade, 259096.217, 81, B28, S12, 1
S12, Trade, 259102.967, 87, B27, S12, 1
S12, Trade, 259110.533, 102, B05, S12, 1
S12, Trade, 259113.050, 112, B02, S12, 1
S12, Trade, 259120.483, 119, B26, S12, 1
S12, Trade, 259123.917, 140, B27, S12, 1
S12, Trade, 259128.550, 119, B16, S12, 1
S12, Trade, 259137.267, 133, B07, S12, 1
S12, Trade, 259139.900, 110, B05, S12, 1
S12, Trade, 259145.383, 74, S12, B03, 1
S12, Trade, 259148.500, 137, B03, S12, 1
S12, Trade, 259153.317, 140, B00, S12, 1
S12, Trade, 259161.567, 108, B24, S12, 1
S12, Trade, 259166.417, 138, B02, S12, 1
S12, Trade, 259170.783, 108, B29, S12, 1
S12, Trade, 259173.433, 99, B00, S12, 1
S12, Trade, 259180.283, 113, B02, S12, 1
S12, Trade, 259184.800, 119, B26, S12, 1
S12, Trade, 259188.917, 113, B19, S12, 1
S12, Trade, 259194.850, 83, B19, S12, 1
S12, Trade, 259198.783, 138, B14, S12, 1
S13, 100
S13, Trade, 258683.633, 131, B21, S13, 1
S13, Trade, 258686.567, 119, B19, S13, 1
S13, Trade, 258691.250, 65, B10, S13, 1
S13, Trade, 258696.300, 106, B27, S13, 1
S13, Trade, 258701.433, 99, B00, S13, 1
S13, Trade, 258707.733, 104, B10, S13, 1
S13, Trade, 258711.450, 120, B00, S13, 1
S13, Trade, 258714.100, 96, B19, S13, 1
S13, Trade, 258718.833, 115, B13, S13, 1
S13, Trade, 258726.850, 139, B14, S13, 1
S13, Trade, 258731.967, 86, B19, S13, 1
S13, Trade, 258733.867, 125, B05, S13, 1
S13, Trade, 258741.050, 93, B15, S13, 1
S13, Trade, 258747.867, 124, B13, S13, 1
S13, Trade, 258748.850, 126, B17, S13, 1
S13, Trade, 258756.517, 101, B05, S13, 1
S13, Trade, 258762.200, 106, B25, S13, 1
S13, Trade, 258767.533, 140, B27, S13, 1
S13, Trade, 258768.883, 136, B07, S13, 1
S13, Trade, 258776.867, 139, B03, S13, 1
S13, Trade, 258785.617, 77, B28, S13, 1
S13, Trade, 258789.883, 121, B25, S13, 1
S13, Trade, 258797.467, 117, B26, S13, 1
S13, Trade, 258803.217, 123, B07, S13, 1
S13, Trade, 258806.667, 119, B12, S13, 1
S13, Trade, 258814.267, 90, B16, S13, 1
S13, Trade, 258815.883, 97, B11, S13, 1
S13, Trade, 258823.750, 77, B05, S13, 1
S13, Trade, 258824.933, 65, S13, B16, 1
S13, Trade, 258831.683, 134, B11, S13, 1
S13, Trade, 258837.967, 113, B15, S13, 1
S13, Trade, 258843.217, 97, B05, S13, 1
S13, Trade, 258845.783, 136, B04, S13, 1
S13, Trade, 258853.667, 100, B09, S13, 1
S13, Trade, 258859.833, 115, B28, S13, 1
S13, Trade, 258863.817, 88, B18, S13, 1
S13, Trade, 258867.133, 112, B24, S13, 1
S13, Trade, 258872.067, 120, B04, S13, 1
S13, Trade, 258875.933, 84, B00, S13, 1
S13, Trade, 258882.883, 129, B08, S13, 1
S13, Trade, 258888.517, 99, B19, S13, 1
S13, Trade, 258889.767, 132, B27, S13, 1
S13, Trade, 258899.250, 101, B19, S13, 1
S13, Trade, 258900.600, 83, B26, S13, 1
S13, Trade, 258906.333, 99, B26, S13, 1
S13, Trade, 258913.317, 138, B14, S13, 1
S13, Trade, 258918.717, 88, B13, S13, 1
S13, Trade, 258920.333, 126, B00, S13, 1
S13, Trade, 258929.033, 125, B27, S13, 1
S13, Trade, 258935.533, 122, B08, S13, 1
S13, Trade, 258937.050, 123, B02, S13, 1
S13, Trade, 258942.350, 139, B01, S13, 1
S13, Trade, 258948.300, 99, B27, S13, 1
S13, Trade, 258953.517, 99, B22, S13, 1
S13, Trade, 258960.333, 138, B09, S13, 1
S13, Trade, 258961.167, 115, B13, S13, 1
S13, Trade, 258967.667, 97, B26, S13, 1
S13, Trade, 258974.217, 122, B07, S13, 1
S13, Trade, 258978.550, 66, S13, B06, 1
S13, Trade, 258985.517, 138, B01, S13, 1
S13, Trade, 258990.250, 118, B09, S13, 1
S13, Trade, 258993.117, 134, B22, S13, 1
S13, Trade, 258996.700, 74, B13, S13, 1
S13, Trade, 259000.367, 112, B20, S13, 1
S13, Trade, 259008.233, 139, B01, S13, 1
S13, Trade, 259011.683, 118, B17, S13, 1
S13, Trade, 259015.667, 100, B29, S13, 1
S13, Trade, 259023.450, 138, B09, S13, 1
S13, Trade, 259028.317, 119, B11, S13, 1
S13, Trade, 259032.867, 102, B22, S13, 1
S13, Trade, 259039.200, 140, B12, S13, 1
S13, Trade, 259045.617, 133, B14, S13, 1
S13, Trade, 259052.117, 133, B03, S13, 1
S13, Trade, 259058.567, 111, B20, S13, 1
S13, Trade, 259064.167, 139, B20, S13, 1
S13, Trade, 259071.217, 137, B03, S13, 1
S13, Trade, 259074.650, 134, B12, S13, 1
S13, Trade, 259077.267, 107, B02, S13, 1
S13, Trade, 259084.633, 131, B06, S13, 1
S13, Trade, 259090.550, 125, B21, S13, 1
S13, Trade, 259094.133, 100, B26, S13, 1
S13, Trade, 259099.867, 102, B21, S13, 1
S13, Trade, 259102.350, 83, B00, S13, 1
S13, Trade, 259111.967, 121, B24, S13, 1
S13, Trade, 259119.600, 134, B24, S13, 1
S13, Trade, 259124.517, 131, B20, S13, 1
S13, Trade, 259129.483, 124, B12, S13, 1
S13, Trade, 259131.050, 135, B00, S13, 1
S13, Trade, 259139.283, 121, B17, S13, 1
S13, Trade, 259147.833, 68, B22, S13, 1
S13, Trade, 259148.517, 73, B17, S13, 1
S13, Trade, 259153.400, 132, B21, S13, 1
S13, Trade, 259158.367, 93, B22, S13, 1
S13, Trade, 259161.417, 105, B10, S13, 1
S13, Trade, 259169.550, 121, B04, S13, 1
S13, Trade, 259172.983, 132, B24, S13, 1
S13, Trade, 259181.167, 122, B13, S13, 1
S13, Trade, 259186.133, 119, B06, S13, 1
S13, Trade, 259190.917, 140, B23, S13, 1
S13, Trade, 259191.733, 122, B19, S13, 1
S14, 100
S14, Trade, 257478.917, 137, S14, B14, 1
S14, Trade, 257494.267, 123, S14, B14, 1
S14, Trade, 257507.500, 134, S14, B16, 1
S14, Trade, 257517.617, 122, B19, S14, 1
S14, Trade, 257534.133, 115, B29, S14, 1
S14, Trade, 257534.850, 120, B08, S14, 1
S14, Trade, 257571.100, 124, B00, S14, 1
S14, Trade, 257590.967, 134, B10, S14, 1
S14, Trade, 257639.783, 130, S14, B03, 1
S14, Trade, 257652.533, 125, B06, S14, 1
S14, Trade, 257662.600, 140, B23, S14, 1
S14, Trade, 257677.333, 100, B20, S14, 1
S14, Trade, 257686.383, 140, B25, S14, 1
S14, Trade, 257706.400, 139, B23, S14, 1
S14, Trade, 257726.800, 126, B16, S14, 1
S14, Trade, 257731.167, 127, S14, B11, 1
S14, Trade, 257748.367, 129, B22, S14, 1
S14, Trade, 257752.483, 110, B19, S14, 1
S14, Trade, 257756.817, 107, B26, S14, 1
S14, Trade, 257764.867, 116, S14, B01, 1
S14, Trade, 257816.267, 118, B11, S14, 1
S14, Trade, 257822.050, 139, B03, S14, 1
S14, Trade, 257841.650, 109, S14, B16, 1
S14, Trade, 257847.267, 119, B05, S14, 1
S14, Trade, 257858.733, 134, B06, S14, 1
S14, Trade, 257868.417, 138, B14, S14, 1
S14, Trade, 257893.867, 111, B29, S14, 1
S14, Trade, 257902.783, 130, B00, S14, 1
S14, Trade, 257905.700, 109, S14, B15, 1
S14, Trade, 257912.983, 129, B18, S14, 1
S14, Trade, 257917.200, 140, B25, S14, 1
S14, Trade, 257948.367, 130, S14, B03, 1
S14, Trade, 257958.867, 127, B02, S14, 1
S14, Trade, 257971.517, 126, B29, S14, 1
S14, Trade, 257984.517, 140, B10, S14, 1
S14, Trade, 257994.167, 126, B25, S14, 1
S14, Trade, 258047.150, 110, B18, S14, 1
S14, Trade, 258054.367, 125, S14, B14, 1
S14, Trade, 258058.400, 114, B04, S14, 1
S14, Trade, 258064.367, 130, B16, S14, 1
S14, Trade, 258078.267, 107, S14, B24, 1
S14, Trade, 258110.800, 130, B08, S14, 1
S14, Trade, 258201.900, 113, B25, S14, 1
S14, Trade, 258210.050, 72, B20, S14, 1
S14, Trade, 258220.667, 96, S14, B29, 1
S14, Trade, 258236.217, 108, B09, S14, 1
S14, Trade, 258290.433, 123, S14, B10, 1
S14, Trade, 258335.233, 140, B25, S14, 1
S14, Trade, 258347.983, 131, B27, S14, 1
S14, Trade, 258376.517, 85, S14, B06, 1
S14, Trade, 258410.250, 124, B24, S14, 1
S14, Trade, 258418.200, 136, B23, S14, 1
S14, Trade, 258426.267, 115, B15, S14, 1
S14, Trade, 258439.217, 121, B00, S14, 1
S14, Trade, 258458.483, 114, B15, S14, 1
S14, Trade, 258471.367, 137, B20, S14, 1
S14, Trade, 258500.717, 111, B20, S14, 1
S14, Trade, 258530.333, 126, B21, S14, 1
S14, Trade, 258549.683, 140, B01, S14, 1
S14, Trade, 258557.000, 140, B27, S14, 1
S14, Trade, 258570.633, 133, B04, S14, 1
S14, Trade, 258580.900, 121, S14, B04, 1
S14, Trade, 258605.917, 119, B25, S14, 1
S14, Trade, 258654.533, 115, B05, S14, 1
S14, Trade, 258661.300, 110, S14, B05, 1
S14, Trade, 258684.633, 140, B01, S14, 1
S14, Trade, 258697.317, 130, S14, B16, 1
S14, Trade, 258707.650, 107, B02, S14, 1
S14, Trade, 258710.483, 138, B01, S14, 1
S14, Trade, 258724.583, 123, B20, S14, 1
S14, Trade, 258727.517, 138, S14, B01, 1
S14, Trade, 258735.133, 125, B24, S14, 1
S14, Trade, 258739.383, 131, B03, S14, 1
S14, Trade, 258749.183, 112, B22, S14, 1
S14, Trade, 258756.750, 95, B19, S14, 1
S14, Trade, 258765.767, 110, B08, S14, 1
S14, Trade, 258777.317, 109, B18, S14, 1
S14, Trade, 258781.533, 127, B05, S14, 1
S14, Trade, 258789.717, 132, S14, B04, 1
S14, Trade, 258797.233, 119, S14, B10, 1
S14, Trade, 258823.550, 134, B20, S14, 1
S14, Trade, 258848.633, 129, S14, B01, 1
S14, Trade, 258868.233, 132, S14, B01, 1
S14, Trade, 258884.483, 113, B19, S14, 1
S14, Trade, 258891.317, 96, B13, S14, 1
S14, Trade, 258894.833, 137, B23, S14, 1
S14, Trade, 258915.600, 126, B09, S14, 1
S14, Trade, 258938.900, 104, B21, S14, 1
S14, Trade, 258964.517, 137, B22, S14, 1
S14, Trade, 259008.800, 139, B03, S14, 1
S14, Trade, 259015.900, 111, B02, S14, 1
S14, Trade, 259031.217, 137, B03, S14, 1
S14, Trade, 259037.533, 114, B26, S14, 1
S14, Trade, 259045.800, 125, B21, S14, 1
S14, Trade, 259057.300, 119, B08, S14, 1
S14, Trade, 259101.967, 106, B05, S14, 1
S14, Trade, 259119.333, 131, B21, S14, 1
S14, Trade, 259144.867, 88, S14, B16, 1
S14, Trade, 259153.233, 140, B25, S14, 1
S14, Trade, 259198.483, 128, B21, S14, 1
S15, 100
S15, Trade, 258164.150, 111, B25, S15, 1
S15, Trade, 258169.400, 140, B09, S15, 1
S15, Trade, 258183.467, 122, S15, B15, 1
S15, Trade, 258194.233, 116, B16, S15, 1
S15, Trade, 258198.100, 134, B27, S15, 1
S15, Trade, 258209.283, 125, S15, B04, 1
S15, Trade, 258213.950, 116, B12, S15, 1
S15, Trade, 258223.000, 140, B01, S15, 1
S15, Trade, 258230.183, 121, B13, S15, 1
S15, Trade, 258237.200, 86, B00, S15, 1
S15, Trade, 258260.400, 117, B20, S15, 1
S15, Trade, 258268.067, 137, B03, S15, 1
S15, Trade, 258270.900, 113, B12, S15, 1
S15, Trade, 258288.700, 135, B06, S15, 1
S15, Trade, 258308.567, 118, S15, B07, 1
S15, Trade, 258315.917, 135, S15, B06, 1
S15, Trade, 258317.417, 115, B05, S15, 1
S15, Trade, 258325.400, 134, B08, S15, 1
S15, Trade, 258350.067, 88, B08, S15, 1
S15, Trade, 258368.833, 127, B28, S15, 1
S15, Trade, 258374.583, 97, B05, S15, 1
S15, Trade, 258408.467, 126, B02, S15, 1
S15, Trade, 258419.417, 132, B12, S15, 1
S15, Trade, 258423.067, 139, B24, S15, 1
S15, Trade, 258426.533, 98, B05, S15, 1
S15, Trade, 258444.650, 119, B06, S15, 1
S15, Trade, 258454.167, 115, B09, S15, 1
S15, Trade, 258464.133, 123, B00, S15, 1
S15, Trade, 258465.917, 94, B10, S15, 1
S15, Trade, 258482.067, 133, B09, S15, 1
S15, Trade, 258487.850, 103, B09, S15, 1
S15, Trade, 258495.883, 85, B09, S15, 1
S15, Trade, 258509.617, 99, B28, S15, 1
S15, Trade, 258512.433, 127, B11, S15, 1
S15, Trade, 258519.200, 93, B26, S15, 1
S15, Trade, 258525.650, 133, B02, S15, 1
S15, Trade, 258533.483, 112, B21, S15, 1
S15, Trade, 258559.817, 115, B15, S15, 1
S15, Trade, 258563.017, 109, B13, S15, 1
S15, Trade, 258576.917, 139, B03, S15, 1
S15, Trade, 258585.633, 139, B23, S15, 1
S15, Trade, 258594.417, 102, B22, S15, 1
S15, Trade, 258601.117, 95, B10, S15, 1
S15, Trade, 258617.300, 140, B22, S15, 1
S15, Trade, 258623.717, 112, B22, S15, 1
S15, Trade, 258634.283, 111, B28, S15, 1
S15, Trade, 258651.600, 111, B25, S15, 1
S15, Trade, 258666.250, 138, B09, S15, 1
S15, Trade, 258673.000, 105, B25, S15, 1
S15, Trade, 258690.283, 110, B18, S15, 1
S15, Trade, 258693.167, 135, B14, S15, 1
S15, Trade, 258703.650, 121, B27, S15, 1
S15, Trade, 258708.350, 97, B26, S15, 1
S15, Trade, 258719.883, 103, B25, S15, 1
S15, Trade, 258728.667, 114, B11, S15, 1
S15, Trade, 258732.883, 103, S15, B04, 1
S15, Trade, 258741.417, 114, S15, B09, 1
S15, Trade, 258752.100, 122, B24, S15, 1
S15, Trade, 258778.283, 140, B12, S15, 1
S15, Trade, 258784.317, 120, S15, B06, 1
S15, Trade, 258789.900, 120, B20, S15, 1
S15, Trade, 258800.150, 133, B03, S15, 1
S15, Trade, 258824.967, 84, S15, B01, 1
S15, Trade, 258838.667, 119, B06, S15, 1
S15, Trade, 258844.350, 111, B26, S15, 1
S15, Trade, 258849.100, 124, B03, S15, 1
S15, Trade, 258857.817, 97, B00, S15, 1
S15, Trade, 258872.183, 114, B27, S15, 1
S15, Trade, 258885.333, 140, B01, S15, 1
S15, Trade, 258894.050, 139, B03, S15, 1
S15, Trade, 258903.133, 132, B03, S15, 1
S15, Trade, 258908.867, 137, B29, S15, 1
S15, Trade, 258917.333, 122, B21, S15, 1
S15, Trade, 258929.783, 118, B05, S15, 1
S15, Trade, 258943.617, 126, B22, S15, 1
S15, Trade, 258945.333, 111, S15, B28, 1
S15, Trade, 258947.133, 124, B09, S15, 1
S15, Trade, 258954.750, 108, B08, S15, 1
S15, Trade, 258962.717, 116, B16, S15, 1
S15, Trade, 258980.850, 126, S15, B10, 1
S15, Trade, 258985.300, 140, B27, S15, 1
S15, Trade, 258993.817, 126, B04, S15, 1
S15, Trade, 258998.833, 133, B12, S15, 1
S15, Trade, 259001.600, 118, B22, S15, 1
S15, Trade, 259017.300, 98, S15, B16, 1
S15, Trade, 259031.133, 140, B00, S15, 1
S15, Trade, 259040.883, 121, B05, S15, 1
S15, Trade, 259047.633, 113, B07, S15, 1
S15, Trade, 259060.083, 138, B03, S15, 1
S15, Trade, 259068.900, 96, B13, S15, 1
S15, Trade, 259075.600, 125, B11, S15, 1
S15, Trade, 259092.917, 114, B00, S15, 1
S15, Trade, 259109.283, 116, B15, S15, 1
S15, Trade, 259128.050, 81, B29, S15, 1
S15, Trade, 259136.317, 118, B24, S15, 1
S15, Trade, 259148.933, 77, B28, S15, 1
S15, Trade, 259157.883, 119, S15, B01, 1
S15, Trade, 259168.833, 132, B22, S15, 1
S15, Trade, 259175.950, 113, S15, B03, 1
S15, Trade, 259196.100, 123, S15, B02, 1
S16, 100
S16, Trade, 258531.333, 137, S16, B23, 1
S16, Trade, 258541.817, 118, S16, B01, 1
S16, Trade, 258552.000, 132, S16, B14, 1
S16, Trade, 258563.683, 123, S16, B23, 1
S16, Trade, 258571.800, 133, S16, B12, 1
S16, Trade, 258574.067, 139, B23, S16, 1
S16, Trade, 258587.233, 137, B02, S16, 1
S16, Trade, 258593.150, 136, S16, B04, 1
S16, Trade, 258604.700, 131, S16, B05, 1
S16, Trade, 258612.683, 134, S16, B17, 1
S16, Trade, 258615.083, 119, S16, B07, 1
S16, Trade, 258620.817, 113, S16, B17, 1
S16, Trade, 258632.600, 114, S16, B04, 1
S16, Trade, 258635.533, 117, S16, B02, 1
S16, Trade, 258642.767, 137, B00, S16, 1
S16, Trade, 258646.050, 140, S16, B01, 1
S16, Trade, 258649.083, 134, S16, B23, 1
S16, Trade, 258659.700, 134, S16, B23, 1
S16, Trade, 258663.200, 98, S16, B03, 1
S16, Trade, 258668.850, 109, S16, B14, 1
S16, Trade, 258674.000, 120, S16, B14, 1
S16, Trade, 258686.683, 135, S16, B23, 1
S16, Trade, 258691.650, 62, S16, B24, 1
S16, Trade, 258698.150, 133, S16, B14, 1
S16, Trade, 258708.900, 130, S16, B03, 1
S16, Trade, 258716.700, 131, S16, B01, 1
S16, Trade, 258719.367, 122, S16, B24, 1
S16, Trade, 258727.783, 139, S16, B03, 1
S16, Trade, 258736.717, 134, S16, B23, 1
S16, Trade, 258746.000, 132, S16, B02, 1
S16, Trade, 258754.483, 140, B00, S16, 1
S16, Trade, 258756.733, 109, S16, B17, 1
S16, Trade, 258768.317, 140, S16, B09, 1
S16, Trade, 258772.200, 114, S16, B28, 1
S16, Trade, 258779.483, 139, B14, S16, 1
S16, Trade, 258790.367, 106, B18, S16, 1
S16, Trade, 258795.733, 138, S16, B07, 1
S16, Trade, 258804.550, 129, S16, B14, 1
S16, Trade, 258808.000, 115, S16, B24, 1
S16, Trade, 258812.350, 133, S16, B03, 1
S16, Trade, 258822.633, 128, S16, B03, 1
S16, Trade, 258825.083, 106, S16, B10, 1
S16, Trade, 258826.083, 124, S16, B14, 1
S16, Trade, 258830.583, 130, S16, B23, 1
S16, Trade, 258838.950, 129, S16, B14, 1
S16, Trade, 258841.800, 100, S16, B04, 1
S16, Trade, 258849.250, 129, S16, B23, 1
S16, Trade, 258854.000, 127, S16, B07, 1
S16, Trade, 258857.233, 117, S16, B03, 1
S16, Trade, 258863.733, 124, S16, B23, 1
S16, Trade, 258869.817, 130, S16, B14, 1
S16, Trade, 258874.600, 137, S16, B03, 1
S16, Trade, 258876.767, 119, S16, B14, 1
S16, Trade, 258880.067, 105, S16, B14, 1
S16, Trade, 258889.017, 134, S16, B23, 1
S16, Trade, 258896.033, 134, S16, B23, 1
S16, Trade, 258897.417, 133, S16, B01, 1
S16, Trade, 258901.650, 109, S16, B14, 1
S16, Trade, 258910.833, 138, B01, S16, 1
S16, Trade, 258919.267, 122, S16, B28, 1
S16, Trade, 258926.933, 129, B16, S16, 1
S16, Trade, 258934.183, 134, B24, S16, 1
S16, Trade, 258939.150, 123, S16, B12, 1
S16, Trade, 258943.450, 136, B07, S16, 1
S16, Trade, 258948.067, 130, S16, B01, 1
S16, Trade, 258955.233, 133, S16, B03, 1
S16, Trade, 258962.150, 132, S16, B01, 1
S16, Trade, 258966.433, 110, S16, B24, 1
S16, Trade, 258970.383, 100, S16, B29, 1
S16, Trade, 258980.783, 116, S16, B14, 1
S16, Trade, 258994.983, 132, S16, B07, 1
S16, Trade, 258996.917, 97, S16, B03, 1
S16, Trade, 259002.983, 99, S16, B08, 1
S16, Trade, 259008.217, 140, B00, S16, 1
S16, Trade, 259012.783, 125, S16, B23, 1
S16, Trade, 259021.750, 137, S16, B03, 1
S16, Trade, 259025.250, 138, S16, B14, 1
S16, Trade, 259026.600, 137, S16, B12, 1
S16, Trade, 259036.617, 133, S16, B10, 1
S16, Trade, 259042.617, 134, S16, B23, 1
S16, Trade, 259044.850, 140, S16, B01, 1
S16, Trade, 259049.750, 131, S16, B03, 1
S16, Trade, 259063.050, 116, S16, B12, 1
S16, Trade, 259069.500, 136, S16, B23, 1
S16, Trade, 259072.883, 136, S16, B11, 1
S16, Trade, 259079.883, 134, S16, B03, 1
S16, Trade, 259089.767, 134, S16, B10, 1
S16, Trade, 259094.583, 126, S16, B11, 1
S16, Trade, 259112.117, 132, S16, B12, 1
S16, Trade, 259126.267, 132, S16, B11, 1
S16, Trade, 259134.933, 132, S16, B01, 1
S16, Trade, 259142.217, 116, S16, B24, 1
S16, Trade, 259144.433, 75, S16, B00, 1
S16, Trade, 259147.650, 70, B25, S16, 1
S16, Trade, 259154.117, 129, S16, B14, 1
S16, Trade, 259163.150, 132, S16, B12, 1
S16, Trade, 259174.467, 131, S16, B14, 1
S16, Trade, 259177.233, 119, S16, B28, 1
S16, Trade, 259183.933, 115, S16, B02, 1
S16, Trade, 259194.600, 91, S16, B28, 1
S17, 100
S17, Trade, 258626.417, 134, S17, B06, 1
S17, Trade, 258630.417, 133, B12, S17, 1
S17, Trade, 258635.367, 111, B22, S17, 1
S17, Trade, 258643.000, 138, B23, S17, 1
S17, Trade, 258646.967, 122, B21, S17, 1
S17, Trade, 258652.417, 134, B09, S17, 1
S17, Trade, 258655.250, 114, B00, S17, 1
S17, Trade, 258660.650, 126, B27, S17, 1
S17, Trade, 258666.333, 136, B05, S17, 1
S17, Trade, 258673.483, 109, S17, B08, 1
S17, Trade, 258677.083, 95, S17, B02, 1
S17, Trade, 258686.917, 109, B24, S17, 1
S17, Trade, 258689.917, 120, B12, S17, 1
S17, Trade, 258695.267, 116, B21, S17, 1
S17, Trade, 258699.067, 127, B03, S17, 1
S17, Trade, 258707.800, 117, S17, B03, 1
S17, Trade, 258712.517, 99, B21, S17, 1
S17, Trade, 258717.283, 111, B17, S17, 1
S17, Trade, 258721.683, 104, B27, S17, 1
S17, Trade, 258729.850, 132, B12, S17, 1
S17, Trade, 258731.783, 104, S17, B14, 1
S17, Trade, 258737.367, 131, B11, S17, 1
S17, Trade, 258743.483, 117, B20, S17, 1
S17, Trade, 258745.883, 114, B05, S17, 1
S17, Trade, 258750.450, 140, B25, S17, 1
S17, Trade, 258757.883, 89, B27, S17, 1
S17, Trade, 258764.667, 140, B23, S17, 1
S17, Trade, 258772.217, 113, B02, S17, 1
S17, Trade, 258774.033, 113, B25, S17, 1
S17, Trade, 258782.467, 97, B21, S17, 1
S17, Trade, 258787.217, 128, B11, S17, 1
S17, Trade, 258795.150, 107, B13, S17, 1
S17, Trade, 258795.967, 128, B06, S17, 1
S17, Trade, 258799.633, 122, B24, S17, 1
S17, Trade, 258808.183, 105, B13, S17, 1
S17, Trade, 258809.533, 121, B05, S17, 1
S17, Trade, 258818.383, 140, B01, S17, 1
S17, Trade, 258821.300, 124, B09, S17, 1
S17, Trade, 258828.550, 140, B01, S17, 1
S17, Trade, 258836.500, 120, B00, S17, 1
S17, Trade, 258842.150, 96, S17, B01, 1
S17, Trade, 258845.667, 128, B07, S17, 1
S17, Trade, 258852.517, 83, B03, S17, 1
S17, Trade, 258856.667, 115, B25, S17, 1
S17, Trade, 258861.633, 120, B29, S17, 1
S17, Trade, 258869.617, 127, B18, S17, 1
S17, Trade, 258873.050, 136, B02, S17, 1
S17, Trade, 258874.667, 136, B24, S17, 1
S17, Trade, 258884.200, 117, S17, B23, 1
S17, Trade, 258889.917, 131, B12, S17, 1
S17, Trade, 258891.767, 99, B17, S17, 1
S17, Trade, 258904.867, 117, B24, S17, 1
S17, Trade, 258913.483, 129, B00, S17, 1
S17, Trade, 258914.817, 135, B28, S17, 1
S17, Trade, 258926.967, 114, B28, S17, 1
S17, Trade, 258938.417, 135, B11, S17, 1
S17, Trade, 258942.183, 140, B27, S17, 1
S17, Trade, 258949.717, 101, B00, S17, 1
S17, Trade, 258952.533, 111, B17, S17, 1
S17, Trade, 258958.100, 104, B06, S17, 1
S17, Trade, 258964.650, 124, B13, S17, 1
S17, Trade, 258968.800, 63, S17, B08, 1
S17, Trade, 258975.350, 112, B17, S17, 1
S17, Trade, 258976.333, 82, B12, S17, 1
S17, Trade, 258985.933, 124, B07, S17, 1
S17, Trade, 258996.383, 76, B05, S17, 1
S17, Trade, 259006.033, 132, B21, S17, 1
S17, Trade, 259011.600, 121, B18, S17, 1
S17, Trade, 259017.050, 94, B27, S17, 1
S17, Trade, 259020.450, 76, B17, S17, 1
S17, Trade, 259030.567, 140, B09, S17, 1
S17, Trade, 259035.233, 107, S17, B28, 1
S17, Trade, 259037.900, 139, B01, S17, 1
S17, Trade, 259054.750, 134, B04, S17, 1
S17, Trade, 259057.250, 119, B19, S17, 1
S17, Trade, 259061.550, 99, B07, S17, 1
S17, Trade, 259070.800, 138, B10, S17, 1
S17, Trade, 259078.133, 129, B12, S17, 1
S17, Trade, 259083.567, 118, S17, B02, 1
S17, Trade, 259088.250, 127, B28, S17, 1
S17, Trade, 259095.450, 69, S17, B10, 1
S17, Trade, 259097.817, 102, B27, S17, 1
S17, Trade, 259105.583, 139, B03, S17, 1
S17, Trade, 259111.133, 116, B21, S17, 1
S17, Trade, 259114.067, 94, B18, S17, 1
S17, Trade, 259119.283, 140, B14, S17, 1
S17, Trade, 259124.617, 131, B22, S17, 1
S17, Trade, 259127.667, 119, S17, B08, 1
S17, Trade, 259133.983, 121, B12, S17, 1
S17, Trade, 259142.833, 120, B19, S17, 1
S17, Trade, 259148.300, 81, B11, S17, 1
S17, Trade, 259154.017, 123, B10, S17, 1
S17, Trade, 259160.100, 128, B07, S17, 1
S17, Trade, 259163.683, 115, B09, S17, 1
S17, Trade, 259171.833, 104, B25, S17, 1
S17, Trade, 259173.933, 100, B15, S17, 1
S17, Trade, 259176.400, 111, B22, S17, 1
S17, Trade, 259183.383, 112, B12, S17, 1
S17, Trade, 259189.317, 136, B22, S17, 1
S17, Trade, 259195.183, 111, B08, S17, 1
S18, 100
S18, Trade, 258691.067, 76, B07, S18, 1
S18, Trade, 258694.200, 122, B19, S18, 1
S18, Trade, 258705.133, 127, B25, S18, 1
S18, Trade, 258709.333, 96, B08, S18, 1
S18, Trade, 258712.233, 103, B06, S18, 1
S18, Trade, 258715.250, 69, B09, S18, 1
S18, Trade, 258724.117, 125, B27, S18, 1
S18, Trade, 258724.883, 137, B07, S18, 1
S18, Trade, 258733.267, 93, B09, S18, 1
S18, Trade, 258735.683, 98, B07, S18, 1
S18, Trade, 258741.917, 113, B29, S18, 1
S18, Trade, 258745.233, 122, B17, S18, 1
S18, Trade, 258753.333, 115, B21, S18, 1
S18, Trade, 258755.583, 128, B15, S18, 1
S18, Trade, 258761.283, 66, B09, S18, 1
S18, Trade, 258765.700, 137, B23, S18, 1
S18, Trade, 258774.150, 108, B27, S18, 1
S18, Trade, 258778.800, 112, B28, S18, 1
S18, Trade, 258784.717, 82, B15, S18, 1
S18, Trade, 258786.667, 120, B10, S18, 1
S18, Trade, 258793.483, 118, B29, S18, 1
S18, Trade, 258798.783, 113, B13, S18, 1
S18, Trade, 258801.017, 137, B14, S18, 1
S18, Trade, 258805.550, 113, B21, S18, 1
S18, Trade, 258813.517, 113, B26, S18, 1
S18, Trade, 258818.333, 140, B09, S18, 1
S18, Trade, 258823.700, 133, B04, S18, 1
S18, Trade, 258826.200, 88, B27, S18, 1
S18, Trade, 258833.050, 138, B02, S18, 1
S18, Trade, 258838.083, 124, B29, S18, 1
S18, Trade, 258845.467, 103, B20, S18, 1
S18, Trade, 258851.833, 104, B21, S18, 1
S18, Trade, 258857.567, 107, B27, S18, 1
S18, Trade, 258862.383, 136, B14, S18, 1
S18, Trade, 258869.750, 121, B12, S18, 1
S18, Trade, 258872.517, 125, B29, S18, 1
S18, Trade, 258877.267, 107, B21, S18, 1
S18, Trade, 258882.800, 130, B20, S18, 1
S18, Trade, 258886.400, 114, B09, S18, 1
S18, Trade, 258892.600, 112, B24, S18, 1
S18, Trade, 258899.083, 106, B27, S18, 1
S18, Trade, 258902.067, 112, B06, S18, 1
S18, Trade, 258906.817, 107, B16, S18, 1
S18, Trade, 258912.683, 110, B26, S18, 1
S18, Trade, 258918.250, 94, B29, S18, 1
S18, Trade, 258922.467, 138, B03, S18, 1
S18, Trade, 258927.250, 110, B26, S18, 1
S18, Trade, 258932.017, 109, B09, S18, 1
S18, Trade, 258940.317, 100, B20, S18, 1
S18, Trade, 258944.400, 114, B00, S18, 1
S18, Trade, 258945.400, 95, B25, S18, 1
S18, Trade, 258955.650, 107, B27, S18, 1
S18, Trade, 258958.983, 105, B11, S18, 1
S18, Trade, 258964.600, 135, B07, S18, 1
S18, Trade, 258970.900, 69, S18, B13, 1
S18, Trade, 258971.800, 140, B00, S18, 1
S18, Trade, 258977.067, 62, S18, B06, 1
S18, Trade, 258983.600, 136, B20, S18, 1
S18, Trade, 258989.117, 132, B00, S18, 1
S18, Trade, 258992.000, 137, B01, S18, 1
S18, Trade, 258996.717, 73, B26, S18, 1
S18, Trade, 259001.567, 119, B09, S18, 1
S18, Trade, 259007.717, 140, B09, S18, 1
S18, Trade, 259012.900, 123, B06, S18, 1
S18, Trade, 259018.267, 93, B19, S18, 1
S18, Trade, 259024.183, 122, B26, S18, 1
S18, Trade, 259028.800, 105, B28, S18, 1
S18, Trade, 259033.400, 131, B06, S18, 1
S18, Trade, 259040.250, 125, B13, S18, 1
S18, Trade, 259045.467, 134, B22, S18, 1
S18, Trade, 259049.000, 118, B16, S18, 1
S18, Trade, 259055.900, 115, B09, S18, 1
S18, Trade, 259059.267, 139, B23, S18, 1
S18, Trade, 259064.200, 137, B10, S18, 1
S18, Trade, 259066.417, 96, B13, S18, 1
S18, Trade, 259074.283, 138, B14, S18, 1
S18, Trade, 259079.867, 107, B15, S18, 1
S18, Trade, 259084.333, 138, B14, S18, 1
S18, Trade, 259089.817, 131, B02, S18, 1
S18, Trade, 259094.983, 103, B21, S18, 1
S18, Trade, 259098.633, 60, S18, B24, 1
S18, Trade, 259101.683, 118, B22, S18, 1
S18, Trade, 259108.750, 130, B21, S18, 1
S18, Trade, 259113.800, 112, B28, S18, 1
S18, Trade, 259118.850, 127, B15, S18, 1
S18, Trade, 259122.500, 93, B17, S18, 1
S18, Trade, 259129.367, 139, B07, S18, 1
S18, Trade, 259136.450, 110, B26, S18, 1
S18, Trade, 259138.750, 140, B25, S18, 1
S18, Trade, 259144.600, 73, B21, S18, 1
S18, Trade, 259149.317, 93, B26, S18, 1
S18, Trade, 259151.600, 136, B08, S18, 1
S18, Trade, 259156.200, 113, B09, S18, 1
S18, Trade, 259167.033, 112, B15, S18, 1
S18, Trade, 259169.350, 124, B21, S18, 1
S18, Trade, 259173.783, 104, B12, S18, 1
S18, Trade, 259181.317, 108, B25, S18, 1
S18, Trade, 259187.317, 135, B25, S18, 1
S18, Trade, 259191.467, 112, B00, S18, 1
S18, Trade, 259195.433, 136, B09, S18, 1
S19, 100
S19, Trade, 258570.300, 136, B25, S19, 1
S19, Trade, 258573.767, 128, B02, S19, 1
S19, Trade, 258581.750, 126, B08, S19, 1
S19, Trade, 258588.533, 107, B22, S19, 1
S19, Trade, 258593.317, 123, B28, S19, 1
S19, Trade, 258594.833, 98, B09, S19, 1
S19, Trade, 258603.133, 128, B05, S19, 1
S19, Trade, 258610.150, 140, B01, S19, 1
S19, Trade, 258616.200, 116, S19, B01, 1
S19, Trade, 258627.983, 138, B14, S19, 1
S19, Trade, 258631.133, 109, B13, S19, 1
S19, Trade, 258638.833, 91, S19, B17, 1
S19, Trade, 258645.400, 136, B04, S19, 1
S19, Trade, 258648.317, 103, B22, S19, 1
S19, Trade, 258672.850, 105, B22, S19, 1
S19, Trade, 258674.500, 92, B28, S19, 1
S19, Trade, 258686.850, 116, B21, S19, 1
S19, Trade, 258690.033, 111, B20, S19, 1
S19, Trade, 258697.450, 109, B26, S19, 1
S19, Trade, 258698.917, 130, B09, S19, 1
S19, Trade, 258706.717, 115, B09, S19, 1
S19, Trade, 258712.717, 116, B10, S19, 1
S19, Trade, 258720.817, 121, B02, S19, 1
S19, Trade, 258726.750, 140, B00, S19, 1
S19, Trade, 258728.900, 112, B21, S19, 1
S19, Trade, 258735.983, 67, B00, S19, 1
S19, Trade, 258744.083, 129, B04, S19, 1
S19, Trade, 258749.367, 107, B08, S19, 1
S19, Trade, 258753.033, 121, B02, S19, 1
S19, Trade, 258757.217, 93, B09, S19, 1
S19, Trade, 258762.333, 103, B28, S19, 1
S19, Trade, 258764.783, 140, B22, S19, 1
S19, Trade, 258773.000, 112, S19, B24, 1
S19, Trade, 258776.433, 139, B09, S19, 1
S19, Trade, 258785.633, 74, B04, S19, 1
S19, Trade, 258789.067, 140, B03, S19, 1
S19, Trade, 258791.183, 116, S19, B17, 1
S19, Trade, 258796.500, 124, B22, S19, 1
S19, Trade, 258810.250, 109, B20, S19, 1
S19, Trade, 258817.650, 140, B22, S19, 1
S19, Trade, 258824.100, 92, S19, B07, 1
S19, Trade, 258829.200, 125, B00, S19, 1
S19, Trade, 258833.250, 132, B11, S19, 1
S19, Trade, 258835.233, 134, B04, S19, 1
S19, Trade, 258843.400, 101, S19, B19, 1
S19, Trade, 258846.767, 140, B25, S19, 1
S19, Trade, 258860.217, 133, S19, B06, 1
S19, Trade, 258869.200, 129, B22, S19, 1
S19, Trade, 258874.333, 108, B10, S19, 1
S19, Trade, 258883.317, 134, B03, S19, 1
S19, Trade, 258891.633, 130, S19, B14, 1
S19, Trade, 258895.633, 129, B02, S19, 1
S19, Trade, 258916.233, 127, B16, S19, 1
S19, Trade, 258922.050, 136, B23, S19, 1
S19, Trade, 258929.350, 122, B11, S19, 1
S19, Trade, 258932.450, 126, S19, B14, 1
S19, Trade, 258938.650, 110, B00, S19, 1
S19, Trade, 258941.500, 131, B11, S19, 1
S19, Trade, 258954.183, 105, B25, S19, 1
S19, Trade, 258959.250, 106, S19, B04, 1
S19, Trade, 258962.400, 100, B28, S19, 1
S19, Trade, 258972.883, 139, B04, S19, 1
S19, Trade, 258983.300, 135, B03, S19, 1
S19, Trade, 258987.317, 140, B14, S19, 1
S19, Trade, 258990.083, 140, B23, S19, 1
S19, Trade, 259007.417, 140, B20, S19, 1
S19, Trade, 259012.133, 105, B02, S19, 1
S19, Trade, 259016.833, 118, B25, S19, 1
S19, Trade, 259024.617, 118, S19, B24, 1
S19, Trade, 259032.667, 123, S19, B02, 1
S19, Trade, 259038.367, 140, B20, S19, 1
S19, Trade, 259041.450, 110, B04, S19, 1
S19, Trade, 259050.700, 120, B25, S19, 1
S19, Trade, 259056.933, 132, B12, S19, 1
S19, Trade, 259063.067, 117, S19, B23, 1
S19, Trade, 259065.200, 134, B00, S19, 1
S19, Trade, 259070.367, 119, B12, S19, 1
S19, Trade, 259072.667, 120, B21, S19, 1
S19, Trade, 259077.400, 101, B26, S19, 1
S19, Trade, 259084.867, 131, B13, S19, 1
S19, Trade, 259092.050, 112, B20, S19, 1
S19, Trade, 259096.633, 120, S19, B04, 1
S19, Trade, 259101.700, 114, B19, S19, 1
S19, Trade, 259104.983, 121, S19, B26, 1
S19, Trade, 259106.583, 138, B11, S19, 1
S19, Trade, 259117.833, 132, B00, S19, 1
S19, Trade, 259120.117, 126, B16, S19, 1
S19, Trade, 259126.100, 130, S19, B10, 1
S19, Trade, 259128.833, 120, S19, B28, 1
S19, Trade, 259136.167, 119, B27, S19, 1
S19, Trade, 259140.850, 108, B11, S19, 1
S19, Trade, 259143.050, 93, B18, S19, 1
S19, Trade, 259148.150, 65, B27, S19, 1
S19, Trade, 259153.983, 127, B28, S19, 1
S19, Trade, 259158.450, 103, B17, S19, 1
S19, Trade, 259165.767, 139, B24, S19, 1
S19, Trade, 259169.667, 118, B13, S19, 1
S19, Trade, 259173.200, 114, B19, S19, 1
S19, Trade, 259178.333, 100, B00, S19, 1
S19, Trade, 259186.450, 79, S19, B14, 1
S20, 100
S20, Trade, 258525.317, 127, B19, S20, 1
S20, Trade, 258530.300, 127, B17, S20, 1
S20, Trade, 258541.450, 93, B05, S20, 1
S20, Trade, 258545.917, 85, B25, S20, 1
S20, Trade, 258555.383, 140, B01, S20, 1
S20, Trade, 258559.750, 124, B07, S20, 1
S20, Trade, 258573.150, 138, S20, B14, 1
S20, Trade, 258576.183, 140, B01, S20, 1
S20, Trade, 258580.567, 132, B12, S20, 1
S20, Trade, 258587.750, 136, S20, B24, 1
S20, Trade, 258592.900, 109, B19, S20, 1
S20, Trade, 258597.367, 124, B13, S20, 1
S20, Trade, 258597.917, 121, B26, S20, 1
S20, Trade, 258608.900, 97, S20, B03, 1
S20, Trade, 258614.167, 97, B13, S20, 1
S20, Trade, 258616.667, 113, B05, S20, 1
S20, Trade, 258620.500, 110, B20, S20, 1
S20, Trade, 258625.517, 100, B25, S20, 1
S20, Trade, 258630.583, 131, B21, S20, 1
S20, Trade, 258637.300, 103, B04, S20, 1
S20, Trade, 258641.533, 110, B22, S20, 1
S20, Trade, 258647.050, 112, B26, S20, 1
S20, Trade, 258657.817, 129, B03, S20, 1
S20, Trade, 258667.633, 111, S20, B10, 1
S20, Trade, 258671.000, 98, S20, B23, 1
S20, Trade, 258681.617, 135, B00, S20, 1
S20, Trade, 258690.833, 82, S20, B06, 1
S20, Trade, 258701.033, 108, B22, S20, 1
S20, Trade, 258713.083, 109, B15, S20, 1
S20, Trade, 258715.717, 129, B22, S20, 1
S20, Trade, 258724.700, 122, B26, S20, 1
S20, Trade, 258735.050, 126, B25, S20, 1
S20, Trade, 258741.000, 115, B19, S20, 1
S20, Trade, 258745.317, 102, B06, S20, 1
S20, Trade, 258751.117, 126, B09, S20, 1
S20, Trade, 258753.933, 118, B19, S20, 1
S20, Trade, 258766.867, 125, B25, S20, 1
S20, Trade, 258771.783, 102, B10, S20, 1
S20, Trade, 258781.100, 111, B17, S20, 1
S20, Trade, 258790.983, 112, B06, S20, 1
S20, Trade, 258792.650, 139, B23, S20, 1
S20, Trade, 258797.383, 119, B18, S20, 1
S20, Trade, 258803.567, 113, B08, S20, 1
S20, Trade, 258806.983, 112, B20, S20, 1
S20, Trade, 258813.383, 133, B27, S20, 1
S20, Trade, 258821.600, 115, B21, S20, 1
S20, Trade, 258836.867, 119, B22, S20, 1
S20, Trade, 258842.017, 98, S20, B23, 1
S20, Trade, 258847.883, 121, B16, S20, 1
S20, Trade, 258855.583, 125, B12, S20, 1
S20, Trade, 258863.783, 97, B12, S20, 1
S20, Trade, 258870.117, 115, B11, S20, 1
S20, Trade, 258885.583, 133, B07, S20, 1
S20, Trade, 258893.867, 140, B01, S20, 1
S20, Trade, 258897.550, 111, B09, S20, 1
S20, Trade, 258905.817, 116, B21, S20, 1
S20, Trade, 258910.083, 133, B24, S20, 1
S20, Trade, 258913.883, 138, B11, S20, 1
S20, Trade, 258918.883, 101, S20, B05, 1
S20, Trade, 258923.800, 129, B11, S20, 1
S20, Trade, 258930.433, 115, B02, S20, 1
S20, Trade, 258940.767, 101, B09, S20, 1
S20, Trade, 258946.633, 127, B24, S20, 1
S20, Trade, 258953.117, 140, B01, S20, 1
S20, Trade, 258959.267, 102, B07, S20, 1
S20, Trade, 258963.433, 130, B14, S20, 1
S20, Trade, 258982.117, 134, B12, S20, 1
S20, Trade, 258982.767, 127, B21, S20, 1
S20, Trade, 258988.183, 130, B25, S20, 1
S20, Trade, 258992.167, 139, B10, S20, 1
S20, Trade, 259002.583, 71, S20, B07, 1
S20, Trade, 259012.767, 108, B05, S20, 1
S20, Trade, 259016.917, 118, B00, S20, 1
S20, Trade, 259019.117, 108, B29, S20, 1
S20, Trade, 259024.383, 105, B05, S20, 1
S20, Trade, 259032.250, 127, B25, S20, 1
S20, Trade, 259034.900, 118, B03, S20, 1
S20, Trade, 259039.700, 139, B23, S20, 1
S20, Trade, 259043.833, 126, B20, S20, 1
S20, Trade, 259054.383, 129, B22, S20, 1
S20, Trade, 259059.783, 137, B01, S20, 1
S20, Trade, 259066.450, 93, B11, S20, 1
S20, Trade, 259068.667, 97, B19, S20, 1
S20, Trade, 259077.767, 139, S20, B23, 1
S20, Trade, 259082.483, 125, B21, S20, 1
S20, Trade, 259085.317, 139, B23, S20, 1
S20, Trade, 259092.967, 111, B06, S20, 1
S20, Trade, 259110.083, 133, B02, S20, 1
S20, Trade, 259115.400, 114, B13, S20, 1
S20, Trade, 259116.300, 118, B00, S20, 1
S20, Trade, 259124.400, 131, B09, S20, 1
S20, Trade, 259131.383, 133, B09, S20, 1
S20, Trade, 259139.767, 107, B12, S20, 1
S20, Trade, 259145.917, 110, S20, B07, 1
S20, Trade, 259152.317, 138, B22, S20, 1
S20, Trade, 259161.067, 135, B25, S20, 1
S20, Trade, 259177.217, 100, B21, S20, 1
S20, Trade, 259180.150, 118, B04, S20, 1
S20, Trade, 259183.533, 107, B07, S20, 1
S20, Trade, 259194.450, 84, B22, S20, 1
S21, 100
S21, Trade, 258693.633, 107, B22, S21, 1
S21, Trade, 258695.717, 140, B23, S21, 1
S21, Trade, 258703.283, 113, B25, S21, 1
S21, Trade, 258706.800, 114, B13, S21, 1
S21, Trade, 258711.817, 118, B26, S21, 1
S21, Trade, 258716.683, 116, B20, S21, 1
S21, Trade, 258723.767, 140, B01, S21, 1
S21, Trade, 258727.833, 120, B26, S21, 1
S21, Trade, 258732.650, 77, B21, S21, 1
S21, Trade, 258735.550, 91, B27, S21, 1
S21, Trade, 258744.300, 119, B27, S21, 1
S21, Trade, 258747.933, 124, B21, S21, 1
S21, Trade, 258752.783, 122, B20, S21, 1
S21, Trade, 258756.500, 106, B24, S21, 1
S21, Trade, 258762.950, 125, B27, S21, 1
S21, Trade, 258767.550, 140, B14, S21, 1
S21, Trade, 258769.933, 139, B23, S21, 1
S21, Trade, 258777.100, 110, B22, S21, 1
S21, Trade, 258778.783, 120, B04, S21, 1
S21, Trade, 258785.500, 81, B21, S21, 1
S21, Trade, 258791.817, 101, B22, S21, 1
S21, Trade, 258798.950, 139, B14, S21, 1
S21, Trade, 258802.217, 109, B19, S21, 1
S21, Trade, 258810.400, 105, B03, S21, 1
S21, Trade, 258813.917, 94, B18, S21, 1
S21, Trade, 258817.883, 140, B25, S21, 1
S21, Trade, 258820.583, 137, B11, S21, 1
S21, Trade, 258829.583, 108, B21, S21, 1
S21, Trade, 258834.267, 116, B25, S21, 1
S21, Trade, 258836.783, 120, B20, S21, 1
S21, Trade, 258843.017, 96, B22, S21, 1
S21, Trade, 258848.200, 105, B08, S21, 1
S21, Trade, 258852.333, 95, B19, S21, 1
S21, Trade, 258856.000, 118, B22, S21, 1
S21, Trade, 258860.333, 127, B21, S21, 1
S21, Trade, 258867.667, 119, B16, S21, 1
S21, Trade, 258875.317, 78, B08, S21, 1
S21, Trade, 258878.883, 105, B18, S21, 1
S21, Trade, 258883.017, 119, B26, S21, 1
S21, Trade, 258887.900, 113, B10, S21, 1
S21, Trade, 258890.683, 121, B20, S21, 1
S21, Trade, 258899.350, 101, B13, S21, 1
S21, Trade, 258904.400, 121, B20, S21, 1
S21, Trade, 258905.883, 113, B17, S21, 1
S21, Trade, 258910.150, 118, B13, S21, 1
S21, Trade, 258916.867, 128, B04, S21, 1
S21, Trade, 258923.050, 121, B22, S21, 1
S21, Trade, 258929.933, 123, B03, S21, 1
S21, Trade, 258931.683, 138, B27, S21, 1
S21, Trade, 258940.950, 104, B07, S21, 1
S21, Trade, 258943.667, 121, B13, S21, 1
S21, Trade, 258947.950, 124, B03, S21, 1
S21, Trade, 258952.767, 98, B20, S21, 1
S21, Trade, 258956.833, 140, B01, S21, 1
S21, Trade, 258963.333, 131, B27, S21, 1
S21, Trade, 258969.833, 68, S21, B23, 1
S21, Trade, 258973.450, 119, B20, S21, 1
S21, Trade, 258975.367, 95, B19, S21, 1
S21, Trade, 258980.767, 115, B20, S21, 1
S21, Trade, 258987.367, 139, B06, S21, 1
S21, Trade, 258994.500, 108, B25, S21, 1
S21, Trade, 258999.550, 111, B19, S21, 1
S21, Trade, 259000.650, 109, B15, S21, 1
S21, Trade, 259009.000, 132, B21, S21, 1
S21, Trade, 259010.983, 113, B24, S21, 1
S21, Trade, 259017.850, 140, B14, S21, 1
S21, Trade, 259021.633, 135, B22, S21, 1
S21, Trade, 259028.567, 109, B07, S21, 1
S21, Trade, 259032.350, 122, B07, S21, 1
S21, Trade, 259040.100, 133, B10, S21, 1
S21, Trade, 259046.367, 118, B19, S21, 1
S21, Trade, 259052.100, 138, B23, S21, 1
S21, Trade, 259058.200, 112, B21, S21, 1
S21, Trade, 259060.883, 115, B04, S21, 1
S21, Trade, 259067.983, 98, B22, S21, 1
S21, Trade, 259074.450, 136, B10, S21, 1
S21, Trade, 259080.433, 114, B17, S21, 1
S21, Trade, 259084.467, 136, B20, S21, 1
S21, Trade, 259090.317, 127, B09, S21, 1
S21, Trade, 259091.600, 112, B13, S21, 1
S21, Trade, 259099.283, 124, B11, S21, 1
S21, Trade, 259102.900, 92, B05, S21, 1
S21, Trade, 259108.733, 136, B14, S21, 1
S21, Trade, 259111.583, 127, B09, S21, 1
S21, Trade, 259118.200, 139, B03, S21, 1
S21, Trade, 259121.500, 105, B18, S21, 1
S21, Trade, 259127.767, 88, B21, S21, 1
S21, Trade, 259131.200, 135, B02, S21, 1
S21, Trade, 259140.833, 110, B09, S21, 1
S21, Trade, 259144.483, 74, B09, S21, 1
S21, Trade, 259146.617, 71, B25, S21, 1
S21, Trade, 259156.600, 113, B20, S21, 1
S21, Trade, 259160.300, 125, B06, S21, 1
S21, Trade, 259161.650, 100, B19, S21, 1
S21, Trade, 259166.700, 113, B27, S21, 1
S21, Trade, 259176.767, 119, B02, S21, 1
S21, Trade, 259180.917, 104, B20, S21, 1
S21, Trade, 259186.033, 98, B27, S21, 1
S21, Trade, 259188.067, 115, B26, S21, 1
S21, Trade, 259196.400, 140, B03, S21, 1
S22, 100
S22, Trade, 258452.683, 118, B19, S22, 1
S22, Trade, 258457.250, 133, B12, S22, 1
S22, Trade, 258462.950, 108, B20, S22, 1
S22, Trade, 258475.833, 123, B00, S22, 1
S22, Trade, 258480.650, 137, B03, S22, 1
S22, Trade, 258494.750, 83, S22, B07, 1
S22, Trade, 258502.300, 112, S22, B15, 1
S22, Trade, 258509.533, 113, B26, S22, 1
S22, Trade, 258523.133, 140, B27, S22, 1
S22, Trade, 258532.167, 121, B13, S22, 1
S22, Trade, 258534.317, 115, B15, S22, 1
S22, Trade, 258538.933, 126, B06, S22, 1
S22, Trade, 258544.217, 123, B07, S22, 1
S22, Trade, 258557.717, 124, B17, S22, 1
S22, Trade, 258561.850, 96, B10, S22, 1
S22, Trade, 258562.950, 112, B16, S22, 1
S22, Trade, 258575.717, 135, B06, S22, 1
S22, Trade, 258583.450, 138, B14, S22, 1
S22, Trade, 258588.133, 125, B28, S22, 1
S22, Trade, 258598.017, 119, B08, S22, 1
S22, Trade, 258600.217, 128, B04, S22, 1
S22, Trade, 258613.183, 106, B08, S22, 1
S22, Trade, 258630.217, 140, B09, S22, 1
S22, Trade, 258645.167, 135, B11, S22, 1
S22, Trade, 258649.100, 121, B02, S22, 1
S22, Trade, 258652.950, 120, B27, S22, 1
S22, Trade, 258655.000, 139, B01, S22, 1
S22, Trade, 258664.217, 93, B26, S22, 1
S22, Trade, 258669.850, 83, S22, B06, 1
S22, Trade, 258678.767, 115, B24, S22, 1
S22, Trade, 258689.583, 129, B15, S22, 1
S22, Trade, 258694.817, 125, B20, S22, 1
S22, Trade, 258705.367, 126, B24, S22, 1
S22, Trade, 258709.183, 119, B29, S22, 1
S22, Trade, 258714.783, 122, S22, B14, 1
S22, Trade, 258724.900, 120, B05, S22, 1
S22, Trade, 258742.183, 119, B00, S22, 1
S22, Trade, 258743.517, 116, B25, S22, 1
S22, Trade, 258752.400, 128, B04, S22, 1
S22, Trade, 258756.333, 105, B00, S22, 1
S22, Trade, 258765.500, 119, B26, S22, 1
S22, Trade, 258770.717, 125, B21, S22, 1
S22, Trade, 258773.417, 109, B00, S22, 1
S22, Trade, 258778.683, 140, B00, S22, 1
S22, Trade, 258795.900, 125, B10, S22, 1
S22, Trade, 258799.833, 96, B18, S22, 1
S22, Trade, 258809.350, 138, S22, B23, 1
S22, Trade, 258814.933, 88, B07, S22, 1
S22, Trade, 258822.100, 109, B18, S22, 1
S22, Trade, 258825.717, 110, S22, B03, 1
S22, Trade, 258834.683, 135, S22, B14, 1
S22, Trade, 258839.017, 107, B09, S22, 1
S22, Trade, 258847.417, 138, B05, S22, 1
S22, Trade, 258849.667, 119, B27, S22, 1
S22, Trade, 258863.700, 99, B26, S22, 1
S22, Trade, 258866.417, 126, B09, S22, 1
S22, Trade, 258874.817, 123, B04, S22, 1
S22, Trade, 258889.533, 132, B25, S22, 1
S22, Trade, 258893.717, 140, B25, S22, 1
S22, Trade, 258904.333, 124, B09, S22, 1
S22, Trade, 258914.383, 133, B25, S22, 1
S22, Trade, 258917.400, 115, B12, S22, 1
S22, Trade, 258926.450, 127, S22, B24, 1
S22, Trade, 258935.750, 110, B00, S22, 1
S22, Trade, 258939.000, 99, B17, S22, 1
S22, Trade, 258949.817, 97, B02, S22, 1
S22, Trade, 258966.183, 100, B20, S22, 1
S22, Trade, 258967.300, 88, S22, B03, 1
S22, Trade, 258975.150, 139, B10, S22, 1
S22, Trade, 258977.550, 91, S22, B12, 1
S22, Trade, 258985.550, 137, B16, S22, 1
S22, Trade, 258989.500, 118, B26, S22, 1
S22, Trade, 258995.033, 131, B16, S22, 1
S22, Trade, 258998.967, 121, B28, S22, 1
S22, Trade, 259013.967, 123, B20, S22, 1
S22, Trade, 259023.933, 137, B16, S22, 1
S22, Trade, 259027.933, 128, B10, S22, 1
S22, Trade, 259034.767, 106, B11, S22, 1
S22, Trade, 259038.200, 140, B14, S22, 1
S22, Trade, 259044.333, 140, B00, S22, 1
S22, Trade, 259055.750, 117, S22, B28, 1
S22, Trade, 259063.250, 140, S22, B27, 1
S22, Trade, 259066.683, 125, B18, S22, 1
S22, Trade, 259077.250, 108, B27, S22, 1
S22, Trade, 259091.683, 113, S22, B29, 1
S22, Trade, 259096.233, 133, S22, B01, 1
S22, Trade, 259104.167, 140, B01, S22, 1
S22, Trade, 259107.500, 128, B25, S22, 1
S22, Trade, 259118.883, 126, B13, S22, 1
S22, Trade, 259126.767, 108, B17, S22, 1
S22, Trade, 259128.883, 136, B24, S22, 1
S22, Trade, 259135.567, 123, B11, S22, 1
S22, Trade, 259142.350, 99, B05, S22, 1
S22, Trade, 259159.400, 92, S22, B11, 1
S22, Trade, 259165.367, 107, B21, S22, 1
S22, Trade, 259170.500, 115, B24, S22, 1
S22, Trade, 259174.600, 102, B25, S22, 1
S22, Trade, 259179.350, 105, S22, B29, 1
S22, Trade, 259190.533, 122, B27, S22, 1
S22, Trade, 259193.517, 82, B15, S22, 1
S23, 100
S23, Trade, 258413.533, 121, B21, S23, 1
S23, Trade, 258432.633, 97, B20, S23, 1
S23, Trade, 258438.783, 140, B23, S23, 1
S23, Trade, 258454.567, 103, B18, S23, 1
S23, Trade, 258458.750, 109, B21, S23, 1
S23, Trade, 258461.750, 108, B24, S23, 1
S23, Trade, 258466.817, 92, B17, S23, 1
S23, Trade, 258476.967, 120, B25, S23, 1
S23, Trade, 258477.783, 98, B02, S23, 1
S23, Trade, 258488.400, 111, S23, B24, 1
S23, Trade, 258493.817, 95, S23, B02, 1
S23, Trade, 258508.267, 126, B22, S23, 1
S23, Trade, 258517.033, 109, B19, S23, 1
S23, Trade, 258528.817, 140, B22, S23, 1
S23, Trade, 258536.033, 109, B27, S23, 1
S23, Trade, 258539.717, 110, B02, S23, 1
S23, Trade, 258547.333, 140, B02, S23, 1
S23, Trade, 258551.217, 125, B00, S23, 1
S23, Trade, 258556.983, 140, B14, S23, 1
S23, Trade, 258567.650, 140, B27, S23, 1
S23, Trade, 258577.000, 120, B22, S23, 1
S23, Trade, 258582.200, 122, B10, S23, 1
S23, Trade, 258591.100, 140, B14, S23, 1
S23, Trade, 258608.950, 87, B00, S23, 1
S23, Trade, 258611.533, 133, S23, B29, 1
S23, Trade, 258616.017, 103, B00, S23, 1
S23, Trade, 258621.567, 103, B21, S23, 1
S23, Trade, 258626.250, 121, B28, S23, 1
S23, Trade, 258637.033, 128, S23, B01, 1
S23, Trade, 258641.517, 137, B02, S23, 1
S23, Trade, 258648.200, 104, B09, S23, 1
S23, Trade, 258651.400, 130, B04, S23, 1
S23, Trade, 258661.433, 113, S23, B04, 1
S23, Trade, 258662.667, 97, B25, S23, 1
S23, Trade, 258677.533, 115, S23, B15, 1
S23, Trade, 258680.583, 129, B20, S23, 1
S23, Trade, 258688.200, 140, B00, S23, 1
S23, Trade, 258693.300, 134, B09, S23, 1
S23, Trade, 258697.767, 115, B15, S23, 1
S23, Trade, 258699.983, 124, B20, S23, 1
S23, Trade, 258710.367, 138, B04, S23, 1
S23, Trade, 258715.083, 89, B08, S23, 1
S23, Trade, 258716.033, 128, B11, S23, 1
S23, Trade, 258725.283, 103, B13, S23, 1
S23, Trade, 258729.867, 115, B26, S23, 1
S23, Trade, 258732.017, 85, B13, S23, 1
S23, Trade, 258739.350, 132, B16, S23, 1
S23, Trade, 258746.050, 104, B20, S23, 1
S23, Trade, 258748.417, 133, S23, B14, 1
S23, Trade, 258779.550, 125, B29, S23, 1
S23, Trade, 258789.133, 134, B09, S23, 1
S23, Trade, 258794.550, 120, B08, S23, 1
S23, Trade, 258813.900, 101, B15, S23, 1
S23, Trade, 258821.367, 123, B13, S23, 1
S23, Trade, 258831.350, 139, B01, S23, 1
S23, Trade, 258839.883, 131, B02, S23, 1
S23, Trade, 258848.317, 126, B10, S23, 1
S23, Trade, 258861.967, 115, B16, S23, 1
S23, Trade, 258865.250, 76, B00, S23, 1
S23, Trade, 258872.117, 115, B16, S23, 1
S23, Trade, 258876.067, 91, B22, S23, 1
S23, Trade, 258881.400, 103, S23, B29, 1
S23, Trade, 258907.783, 102, B22, S23, 1
S23, Trade, 258913.500, 108, B03, S23, 1
S23, Trade, 258919.417, 123, S23, B03, 1
S23, Trade, 258924.067, 129, B04, S23, 1
S23, Trade, 258927.083, 111, B21, S23, 1
S23, Trade, 258938.233, 110, B22, S23, 1
S23, Trade, 258941.417, 134, B14, S23, 1
S23, Trade, 258951.567, 98, B09, S23, 1
S23, Trade, 258955.717, 104, B19, S23, 1
S23, Trade, 258958.183, 129, S23, B14, 1
S23, Trade, 258962.867, 130, B12, S23, 1
S23, Trade, 258974.517, 135, B02, S23, 1
S23, Trade, 258980.200, 106, S23, B01, 1
S23, Trade, 258993.317, 131, B21, S23, 1
S23, Trade, 258998.267, 124, B04, S23, 1
S23, Trade, 259005.850, 140, B01, S23, 1
S23, Trade, 259009.250, 124, B13, S23, 1
S23, Trade, 259015.033, 115, B07, S23, 1
S23, Trade, 259023.633, 138, B20, S23, 1
S23, Trade, 259039.483, 140, B22, S23, 1
S23, Trade, 259044.467, 140, B09, S23, 1
S23, Trade, 259050.500, 127, B17, S23, 1
S23, Trade, 259054.983, 120, B06, S23, 1
S23, Trade, 259066.083, 113, B04, S23, 1
S23, Trade, 259068.650, 98, B27, S23, 1
S23, Trade, 259075.467, 137, S23, B03, 1
S23, Trade, 259078.500, 107, B25, S23, 1
S23, Trade, 259090.883, 120, B05, S23, 1
S23, Trade, 259106.200, 135, B22, S23, 1
S23, Trade, 259122.283, 115, B00, S23, 1
S23, Trade, 259138.050, 119, B10, S23, 1
S23, Trade, 259139.200, 133, B22, S23, 1
S23, Trade, 259159.083, 99, B28, S23, 1
S23, Trade, 259162.433, 104, S23, B16, 1
S23, Trade, 259167.450, 118, B25, S23, 1
S23, Trade, 259185.883, 118, B18, S23, 1
S23, Trade, 259191.333, 135, B03, S23, 1
S23, Trade, 259196.433, 140, B10, S23, 1
S24, 100
S24, Trade, 258563.317, 122, S24, B01, 1
S24, Trade, 258567.800, 139, B00, S24, 1
S24, Trade, 258574.467, 138, S24, B04, 1
S24, Trade, 258579.383, 134, S24, B24, 1
S24, Trade, 258584.517, 140, S24, B22, 1
S24, Trade, 258595.633, 122, S24, B14, 1
S24, Trade, 258598.667, 106, S24, B12, 1
S24, Trade, 258604.067, 129, S24, B16, 1
S24, Trade, 258613.350, 131, S24, B14, 1
S24, Trade, 258615.867, 108, S24, B29, 1
S24, Trade, 258622.717, 129, S24, B23, 1
S24, Trade, 258630.867, 130, S24, B14, 1
S24, Trade, 258633.250, 115, S24, B07, 1
S24, Trade, 258638.467, 104, S24, B15, 1
S24, Trade, 258642.283, 137, S24, B25, 1
S24, Trade, 258650.283, 135, S24, B29, 1
S24, Trade, 258651.217, 133, S24, B03, 1
S24, Trade, 258664.283, 109, S24, B01, 1
S24, Trade, 258671.167, 105, S24, B29, 1
S24, Trade, 258673.400, 108, S24, B10, 1
S24, Trade, 258675.900, 117, S24, B04, 1
S24, Trade, 258688.567, 140, B22, S24, 1
S24, Trade, 258692.817, 131, S24, B01, 1
S24, Trade, 258699.683, 133, S24, B11, 1
S24, Trade, 258704.367, 137, S24, B01, 1
S24, Trade, 258706.150, 137, S24, B23, 1
S24, Trade, 258714.233, 64, S24, B05, 1
S24, Trade, 258719.350, 116, S24, B16, 1
S24, Trade, 258728.367, 136, S24, B23, 1
S24, Trade, 258730.033, 133, S24, B24, 1
S24, Trade, 258736.233, 83, S24, B04, 1
S24, Trade, 258744.583, 130, S24, B23, 1
S24, Trade, 258750.900, 135, B27, S24, 1
S24, Trade, 258758.133, 107, S24, B03, 1
S24, Trade, 258759.200, 115, S24, B24, 1
S24, Trade, 258771.667, 115, S24, B17, 1
S24, Trade, 258782.433, 137, S24, B12, 1
S24, Trade, 258785.567, 121, S24, B03, 1
S24, Trade, 258796.783, 138, S24, B23, 1
S24, Trade, 258803.683, 121, S24, B11, 1
S24, Trade, 258810.217, 135, S24, B02, 1
S24, Trade, 258823.717, 136, S24, B23, 1
S24, Trade, 258830.017, 129, S24, B24, 1
S24, Trade, 258832.850, 139, S24, B00, 1
S24, Trade, 258836.983, 131, S24, B10, 1
S24, Trade, 258843.817, 136, S24, B14, 1
S24, Trade, 258845.317, 115, S24, B29, 1
S24, Trade, 258853.800, 117, S24, B12, 1
S24, Trade, 258859.217, 131, S24, B23, 1
S24, Trade, 258863.583, 123, B15, S24, 1
S24, Trade, 258869.383, 128, B02, S24, 1
S24, Trade, 258873.817, 137, S24, B06, 1
S24, Trade, 258876.750, 118, S24, B03, 1
S24, Trade, 258896.367, 135, S24, B03, 1
S24, Trade, 258899.717, 107, S24, B04, 1
S24, Trade, 258905.550, 132, S24, B01, 1
S24, Trade, 258911.400, 102, B02, S24, 1
S24, Trade, 258916.300, 130, S24, B01, 1
S24, Trade, 258930.300, 130, S24, B03, 1
S24, Trade, 258938.283, 129, S24, B04, 1
S24, Trade, 258945.100, 125, S24, B29, 1
S24, Trade, 258948.367, 132, S24, B23, 1
S24, Trade, 258957.800, 128, B02, S24, 1
S24, Trade, 258962.117, 131, S24, B10, 1
S24, Trade, 258970.483, 101, S24, B01, 1
S24, Trade, 258976.850, 101, S24, B28, 1
S24, Trade, 258980.167, 105, S24, B24, 1
S24, Trade, 258987.900, 136, B17, S24, 1
S24, Trade, 258994.933, 131, S24, B03, 1
S24, Trade, 259000.117, 121, S24, B14, 1
S24, Trade, 259008.883, 140, S24, B14, 1
S24, Trade, 259012.733, 124, S24, B11, 1
S24, Trade, 259014.550, 127, S24, B15, 1
S24, Trade, 259021.333, 137, B27, S24, 1
S24, Trade, 259022.917, 137, S24, B01, 1
S24, Trade, 259027.633, 138, B25, S24, 1
S24, Trade, 259034.800, 136, S24, B14, 1
S24, Trade, 259036.600, 132, S24, B27, 1
S24, Trade, 259042.467, 131, S24, B10, 1
S24, Trade, 259055.567, 116, S24, B18, 1
S24, Trade, 259062.750, 116, S24, B06, 1
S24, Trade, 259066.167, 132, S24, B14, 1
S24, Trade, 259076.533, 120, S24, B01, 1
S24, Trade, 259090.800, 127, S24, B23, 1
S24, Trade, 259095.733, 111, S24, B03, 1
S24, Trade, 259098.467, 87, S24, B07, 1
S24, Trade, 259108.017, 139, S24, B09, 1
S24, Trade, 259117.550, 138, S24, B23, 1
S24, Trade, 259121.033, 136, S24, B04, 1
S24, Trade, 259125.183, 135, S24, B23, 1
S24, Trade, 259134.750, 131, S24, B23, 1
S24, Trade, 259140.650, 116, S24, B06, 1
S24, Trade, 259144.567, 76, S24, B01, 1
S24, Trade, 259150.700, 139, B23, S24, 1
S24, Trade, 259154.317, 130, S24, B11, 1
S24, Trade, 259161.900, 133, B04, S24, 1
S24, Trade, 259171.467, 136, S24, B07, 1
S24, Trade, 259176.117, 122, S24, B01, 1
S24, Trade, 259184.533, 116, S24, B04, 1
S24, Trade, 259193.467, 90, B20, S24, 1
S25, 100
S25, Trade, 258503.100, 131, B03, S25, 1
S25, Trade, 258513.133, 121, B17, S25, 1
S25, Trade, 258514.233, 123, B22, S25, 1
S25, Trade, 258521.867, 88, B21, S25, 1
S25, Trade, 258528.200, 140, B00, S25, 1
S25, Trade, 258534.833, 115, B00, S25, 1
S25, Trade, 258540.517, 94, B09, S25, 1
S25, Trade, 258545.483, 96, S25, B23, 1
S25, Trade, 258552.150, 113, B26, S25, 1
S25, Trade, 258553.717, 129, S25, B24, 1
S25, Trade, 258561.800, 125, S25, B28, 1
S25, Trade, 258564.150, 131, S25, B24, 1
S25, Trade, 258573.583, 129, B27, S25, 1
S25, Trade, 258583.867, 101, B00, S25, 1
S25, Trade, 258602.383, 122, B21, S25, 1
S25, Trade, 258606.867, 110, B22, S25, 1
S25, Trade, 258612.733, 124, B15, S25, 1
S25, Trade, 258616.117, 102, B03, S25, 1
S25, Trade, 258629.300, 139, B27, S25, 1
S25, Trade, 258632.217, 97, B29, S25, 1
S25, Trade, 258638.983, 74, B25, S25, 1
S25, Trade, 258644.333, 121, B13, S25, 1
S25, Trade, 258652.783, 122, B17, S25, 1
S25, Trade, 258660.767, 125, B00, S25, 1
S25, Trade, 258664.717, 92, B21, S25, 1
S25, Trade, 258668.917, 87, B20, S25, 1
S25, Trade, 258673.350, 105, B00, S25, 1
S25, Trade, 258676.433, 121, S25, B03, 1
S25, Trade, 258683.400, 132, B02, S25, 1
S25, Trade, 258687.000, 105, B26, S25, 1
S25, Trade, 258699.083, 122, B21, S25, 1
S25, Trade, 258700.900, 139, B02, S25, 1
S25, Trade, 258704.733, 131, B03, S25, 1
S25, Trade, 258714.250, 65, S25, B04, 1
S25, Trade, 258717.533, 117, S25, B12, 1
S25, Trade, 258722.900, 127, B04, S25, 1
S25, Trade, 258730.133, 121, S25, B17, 1
S25, Trade, 258743.617, 114, B21, S25, 1
S25, Trade, 258747.217, 140, B22, S25, 1
S25, Trade, 258748.767, 128, B09, S25, 1
S25, Trade, 258761.033, 96, S25, B01, 1
S25, Trade, 258773.700, 122, S25, B08, 1
S25, Trade, 258777.583, 120, S25, B23, 1
S25, Trade, 258784.167, 107, B00, S25, 1
S25, Trade, 258788.350, 112, B20, S25, 1
S25, Trade, 258792.950, 126, B19, S25, 1
S25, Trade, 258794.833, 136, B14, S25, 1
S25, Trade, 258802.517, 109, B25, S25, 1
S25, Trade, 258806.933, 113, B09, S25, 1
S25, Trade, 258813.083, 133, B22, S25, 1
S25, Trade, 258819.417, 132, B20, S25, 1
S25, Trade, 258826.733, 110, B17, S25, 1
S25, Trade, 258831.450, 126, B29, S25, 1
S25, Trade, 258840.417, 110, B25, S25, 1
S25, Trade, 258860.583, 126, S25, B02, 1
S25, Trade, 258870.550, 139, B04, S25, 1
S25, Trade, 258880.083, 106, S25, B02, 1
S25, Trade, 258883.467, 112, B09, S25, 1
S25, Trade, 258890.083, 124, B21, S25, 1
S25, Trade, 258898.017, 113, B00, S25, 1
S25, Trade, 258901.333, 94, B22, S25, 1
S25, Trade, 258930.117, 117, B13, S25, 1
S25, Trade, 258935.117, 114, B26, S25, 1
S25, Trade, 258939.200, 124, S25, B03, 1
S25, Trade, 258948.967, 122, S25, B11, 1
S25, Trade, 258952.900, 104, B06, S25, 1
S25, Trade, 258960.767, 138, S25, B23, 1
S25, Trade, 258966.967, 111, S25, B10, 1
S25, Trade, 258974.250, 125, S25, B14, 1
S25, Trade, 258977.233, 97, S25, B16, 1
S25, Trade, 258982.533, 138, S25, B14, 1
S25, Trade, 258987.633, 131, B04, S25, 1
S25, Trade, 258996.617, 87, S25, B08, 1
S25, Trade, 258998.617, 123, B09, S25, 1
S25, Trade, 259004.783, 140, B25, S25, 1
S25, Trade, 259010.567, 127, B02, S25, 1
S25, Trade, 259021.667, 134, B02, S25, 1
S25, Trade, 259033.900, 123, B09, S25, 1
S25, Trade, 259041.950, 90, B17, S25, 1
S25, Trade, 259046.867, 118, B12, S25, 1
S25, Trade, 259057.100, 127, B02, S25, 1
S25, Trade, 259062.067, 138, B10, S25, 1
S25, Trade, 259074.600, 135, B27, S25, 1
S25, Trade, 259079.983, 121, S25, B10, 1
S25, Trade, 259081.800, 116, S25, B25, 1
S25, Trade, 259090.200, 127, B25, S25, 1
S25, Trade, 259099.233, 122, B05, S25, 1
S25, Trade, 259108.633, 137, B27, S25, 1
S25, Trade, 259110.650, 138, B01, S25, 1
S25, Trade, 259124.317, 138, B01, S25, 1
S25, Trade, 259135.917, 125, S25, B14, 1
S25, Trade, 259146.150, 71, S25, B08, 1
S25, Trade, 259159.900, 100, B18, S25, 1
S25, Trade, 259165.100, 112, B13, S25, 1
S25, Trade, 259169.500, 122, B20, S25, 1
S25, Trade, 259174.717, 101, B06, S25, 1
S25, Trade, 259180.850, 107, B19, S25, 1
S25, Trade, 259188.850, 114, B09, S25, 1
S25, Trade, 259191.817, 101, B04, S25, 1
S25, Trade, 259195.917, 136, B14, S25, 1
S26, 100
S26, Trade, 258687.317, 132, B27, S26, 1
S26, Trade, 258688.717, 140, B00, S26, 1
S26, Trade, 258696.933, 111, B08, S26, 1
S26, Trade, 258701.583, 133, B29, S26, 1
S26, Trade, 258708.250, 99, B07, S26, 1
S26, Trade, 258711.050, 127, B05, S26, 1
S26, Trade, 258716.200, 127, B02, S26, 1
S26, Trade, 258722.333, 139, B14, S26, 1
S26, Trade, 258724.217, 123, B22, S26, 1
S26, Trade, 258731.800, 91, B16, S26, 1
S26, Trade, 258735.833, 89, B10, S26, 1
S26, Trade, 258740.433, 116, B22, S26, 1
S26, Trade, 258745.150, 112, B18, S26, 1
S26, Trade, 258751.367, 134, B14, S26, 1
S26, Trade, 258758.517, 106, B25, S26, 1
S26, Trade, 258762.317, 111, B16, S26, 1
S26, Trade, 258768.067, 139, B03, S26, 1
S26, Trade, 258770.850, 123, B11, S26, 1
S26, Trade, 258779.183, 140, B22, S26, 1
S26, Trade, 258780.450, 121, B25, S26, 1
S26, Trade, 258785.517, 75, B13, S26, 1
S26, Trade, 258789.200, 113, B22, S26, 1
S26, Trade, 258797.333, 120, B20, S26, 1
S26, Trade, 258802.817, 108, B16, S26, 1
S26, Trade, 258810.500, 132, B04, S26, 1
S26, Trade, 258813.433, 119, B25, S26, 1
S26, Trade, 258818.583, 138, B23, S26, 1
S26, Trade, 258822.467, 87, B17, S26, 1
S26, Trade, 258823.833, 66, B24, S26, 1
S26, Trade, 258834.433, 113, B05, S26, 1
S26, Trade, 258837.033, 118, B05, S26, 1
S26, Trade, 258842.133, 94, B10, S26, 1
S26, Trade, 258847.700, 111, B13, S26, 1
S26, Trade, 258853.850, 99, B06, S26, 1
S26, Trade, 258856.617, 118, B29, S26, 1
S26, Trade, 258861.517, 133, B10, S26, 1
S26, Trade, 258866.617, 107, B08, S26, 1
S26, Trade, 258874.950, 122, B13, S26, 1
S26, Trade, 258882.183, 134, B02, S26, 1
S26, Trade, 258887.667, 123, B06, S26, 1
S26, Trade, 258892.233, 115, B02, S26, 1
S26, Trade, 258896.750, 133, B04, S26, 1
S26, Trade, 258905.033, 121, B25, S26, 1
S26, Trade, 258908.233, 100, B19, S26, 1
S26, Trade, 258911.917, 117, B17, S26, 1
S26, Trade, 258919.967, 96, B26, S26, 1
S26, Trade, 258923.067, 120, B27, S26, 1
S26, Trade, 258925.433, 126, B11, S26, 1
S26, Trade, 258931.800, 137, B01, S26, 1
S26, Trade, 258937.283, 113, B15, S26, 1
S26, Trade, 258941.267, 135, B25, S26, 1
S26, Trade, 258946.350, 133, B04, S26, 1
S26, Trade, 258954.633, 99, B21, S26, 1
S26, Trade, 258958.517, 90, B20, S26, 1
S26, Trade, 258963.417, 131, B00, S26, 1
S26, Trade, 258965.350, 107, B06, S26, 1
S26, Trade, 258973.550, 113, B21, S26, 1
S26, Trade, 258976.050, 84, B09, S26, 1
S26, Trade, 258984.583, 140, B23, S26, 1
S26, Trade, 258989.717, 118, B13, S26, 1
S26, Trade, 258994.133, 124, B03, S26, 1
S26, Trade, 258995.533, 107, B15, S26, 1
S26, Trade, 259001.450, 120, B02, S26, 1
S26, Trade, 259010.183, 115, B15, S26, 1
S26, Trade, 259015.117, 116, B09, S26, 1
S26, Trade, 259018.117, 118, B26, S26, 1
S26, Trade, 259028.683, 109, B21, S26, 1
S26, Trade, 259034.533, 111, B00, S26, 1
S26, Trade, 259036.750, 131, B00, S26, 1
S26, Trade, 259042.483, 83, B15, S26, 1
S26, Trade, 259050.083, 119, B22, S26, 1
S26, Trade, 259053.550, 129, B00, S26, 1
S26, Trade, 259060.467, 119, B22, S26, 1
S26, Trade, 259062.600, 104, B09, S26, 1
S26, Trade, 259068.850, 107, B09, S26, 1
S26, Trade, 259072.783, 114, B26, S26, 1
S26, Trade, 259076.650, 111, B21, S26, 1
S26, Trade, 259082.883, 105, B27, S26, 1
S26, Trade, 259089.150, 132, B00, S26, 1
S26, Trade, 259093.033, 110, B19, S26, 1
S26, Trade, 259097.483, 80, B13, S26, 1
S26, Trade, 259102.983, 86, B13, S26, 1
S26, Trade, 259107.217, 140, B23, S26, 1
S26, Trade, 259111.800, 131, B06, S26, 1
S26, Trade, 259116.417, 134, B11, S26, 1
S26, Trade, 259125.650, 123, B21, S26, 1
S26, Trade, 259127.217, 93, B05, S26, 1
S26, Trade, 259132.467, 122, B25, S26, 1
S26, Trade, 259138.800, 140, B27, S26, 1
S26, Trade, 259145.667, 61, S26, B17, 1
S26, Trade, 259147.817, 70, B20, S26, 1
S26, Trade, 259153.733, 132, B15, S26, 1
S26, Trade, 259158.967, 91, B09, S26, 1
S26, Trade, 259162.300, 107, B07, S26, 1
S26, Trade, 259167.683, 117, B16, S26, 1
S26, Trade, 259176.467, 110, B27, S26, 1
S26, Trade, 259178.400, 98, B09, S26, 1
S26, Trade, 259182.200, 100, B00, S26, 1
S26, Trade, 259190.567, 116, B21, S26, 1
S26, Trade, 259197.450, 140, B25, S26, 1
S27, 100
S27, Trade, 258688.750, 139, B09, S27, 1
S27, Trade, 258690.317, 107, B13, S27, 1
S27, Trade, 258694.983, 124, B04, S27, 1
S27, Trade, 258703.800, 120, B16, S27, 1
S27, Trade, 258707.567, 105, B28, S27, 1
S27, Trade, 258713.400, 97, B20, S27, 1
S27, Trade, 258714.533, 76, S27, B06, 1
S27, Trade, 258721.483, 108, B00, S27, 1
S27, Trade, 258727.800, 129, B07, S27, 1
S27, Trade, 258731.750, 92, B00, S27, 1
S27, Trade, 258736.250, 84, S27, B07, 1
S27, Trade, 258740.817, 138, B14, S27, 1
S27, Trade, 258745.133, 121, B11, S27, 1
S27, Trade, 258755.500, 130, B07, S27, 1
S27, Trade, 258758.367, 107, B22, S27, 1
S27, Trade, 258759.850, 87, S27, B08, 1
S27, Trade, 258768.850, 137, B20, S27, 1
S27, Trade, 258774.683, 114, S27, B16, 1
S27, Trade, 258778.367, 140, B27, S27, 1
S27, Trade, 258782.533, 78, B26, S27, 1
S27, Trade, 258783.567, 113, B09, S27, 1
S27, Trade, 258791.100, 110, B26, S27, 1
S27, Trade, 258796.833, 124, B27, S27, 1
S27, Trade, 258800.850, 120, B27, S27, 1
S27, Trade, 258808.983, 125, B28, S27, 1
S27, Trade, 258813.767, 101, B11, S27, 1
S27, Trade, 258819.167, 126, B04, S27, 1
S27, Trade, 258820.867, 133, B12, S27, 1
S27, Trade, 258828.250, 129, B20, S27, 1
S27, Trade, 258829.767, 105, B18, S27, 1
S27, Trade, 258839.233, 106, B19, S27, 1
S27, Trade, 258840.883, 119, B18, S27, 1
S27, Trade, 258847.483, 136, B14, S27, 1
S27, Trade, 258852.233, 98, B26, S27, 1
S27, Trade, 258859.300, 115, B19, S27, 1
S27, Trade, 258863.650, 114, B25, S27, 1
S27, Trade, 258867.867, 112, B07, S27, 1
S27, Trade, 258871.933, 137, B01, S27, 1
S27, Trade, 258877.183, 113, B07, S27, 1
S27, Trade, 258884.033, 118, B10, S27, 1
S27, Trade, 258888.000, 112, B17, S27, 1
S27, Trade, 258895.900, 122, B25, S27, 1
S27, Trade, 258897.000, 120, B07, S27, 1
S27, Trade, 258905.800, 132, B04, S27, 1
S27, Trade, 258908.783, 139, B25, S27, 1
S27, Trade, 258912.650, 115, B06, S27, 1
S27, Trade, 258918.150, 96, B27, S27, 1
S27, Trade, 258921.300, 121, B25, S27, 1
S27, Trade, 258926.267, 125, B07, S27, 1
S27, Trade, 258931.083, 133, B20, S27, 1
S27, Trade, 258940.283, 106, B19, S27, 1
S27, Trade, 258944.650, 110, B08, S27, 1
S27, Trade, 258947.167, 119, B05, S27, 1
S27, Trade, 258955.667, 105, B22, S27, 1
S27, Trade, 258957.267, 104, B15, S27, 1
S27, Trade, 258962.333, 110, B09, S27, 1
S27, Trade, 258967.533, 103, B15, S27, 1
S27, Trade, 258973.700, 101, B29, S27, 1
S27, Trade, 258977.800, 75, B15, S27, 1
S27, Trade, 258981.033, 101, B26, S27, 1
S27, Trade, 258988.383, 130, B04, S27, 1
S27, Trade, 258992.767, 140, B14, S27, 1
S27, Trade, 258998.033, 129, B06, S27, 1
S27, Trade, 259003.250, 100, S27, B11, 1
S27, Trade, 259007.900, 140, B25, S27, 1
S27, Trade, 259014.183, 108, B13, S27, 1
S27, Trade, 259019.750, 82, B05, S27, 1
S27, Trade, 259021.833, 126, B06, S27, 1
S27, Trade, 259026.817, 138, B04, S27, 1
S27, Trade, 259035.050, 105, B21, S27, 1
S27, Trade, 259040.233, 131, B21, S27, 1
S27, Trade, 259046.067, 124, B06, S27, 1
S27, Trade, 259054.850, 132, B11, S27, 1
S27, Trade, 259061.967, 139, B01, S27, 1
S27, Trade, 259069.617, 127, B02, S27, 1
S27, Trade, 259072.250, 133, B04, S27, 1
S27, Trade, 259082.217, 129, B05, S27, 1
S27, Trade, 259091.317, 114, B18, S27, 1
S27, Trade, 259093.717, 118, B27, S27, 1
S27, Trade, 259101.450, 129, B18, S27, 1
S27, Trade, 259107.450, 134, B07, S27, 1
S27, Trade, 259108.950, 124, B12, S27, 1
S27, Trade, 259115.367, 125, B20, S27, 1
S27, Trade, 259122.817, 121, B02, S27, 1
S27, Trade, 259127.483, 125, B10, S27, 1
S27, Trade, 259129.750, 139, B01, S27, 1
S27, Trade, 259134.000, 121, B16, S27, 1
S27, Trade, 259137.950, 129, B04, S27, 1
S27, Trade, 259142.000, 106, S27, B23, 1
S27, Trade, 259146.400, 66, B09, S27, 1
S27, Trade, 259154.650, 121, B20, S27, 1
S27, Trade, 259159.717, 121, B03, S27, 1
S27, Trade, 259161.933, 98, B08, S27, 1
S27, Trade, 259170.817, 105, B10, S27, 1
S27, Trade, 259171.817, 106, B05, S27, 1
S27, Trade, 259181.833, 129, B11, S27, 1
S27, Trade, 259186.233, 88, B05, S27, 1
S27, Trade, 259194.383, 85, S27, B17, 1
S27, Trade, 259195.883, 135, B07, S27, 1
S27, Trade, 259197.583, 139, B01, S27, 1
S28, 100
S28, Trade, 257387.350, 98, B20, S28, 1
S28, Trade, 257397.617, 113, B13, S28, 1
S28, Trade, 257405.417, 120, S28, B23, 1
S28, Trade, 257435.683, 103, B19, S28, 1
S28, Trade, 257447.550, 96, B13, S28, 1
S28, Trade, 257455.300, 111, S28, B29, 1
S28, Trade, 257468.733, 140, B00, S28, 1
S28, Trade, 257488.950, 122, B13, S28, 1
S28, Trade, 257549.917, 131, S28, B14, 1
S28, Trade, 257594.633, 124, B12, S28, 1
S28, Trade, 257608.317, 100, S28, B17, 1
S28, Trade, 257644.633, 140, B20, S28, 1
S28, Trade, 257712.650, 122, B27, S28, 1
S28, Trade, 257720.417, 128, S28, B12, 1
S28, Trade, 257726.917, 111, B06, S28, 1
S28, Trade, 257741.233, 135, S28, B24, 1
S28, Trade, 257746.767, 127, B24, S28, 1
S28, Trade, 257758.883, 131, B21, S28, 1
S28, Trade, 257768.733, 99, B27, S28, 1
S28, Trade, 257793.033, 128, B20, S28, 1
S28, Trade, 257797.517, 127, B09, S28, 1
S28, Trade, 257820.900, 123, B13, S28, 1
S28, Trade, 257831.267, 109, B13, S28, 1
S28, Trade, 257852.317, 135, B04, S28, 1
S28, Trade, 257872.917, 131, B21, S28, 1
S28, Trade, 257938.550, 134, B29, S28, 1
S28, Trade, 257947.983, 111, S28, B01, 1
S28, Trade, 257962.700, 113, B13, S28, 1
S28, Trade, 257980.467, 138, B02, S28, 1
S28, Trade, 257988.217, 109, B12, S28, 1
S28, Trade, 258022.833, 135, B00, S28, 1
S28, Trade, 258038.633, 107, B21, S28, 1
S28, Trade, 258056.400, 101, B09, S28, 1
S28, Trade, 258085.133, 105, B24, S28, 1
S28, Trade, 258100.300, 114, B13, S28, 1
S28, Trade, 258128.433, 122, B11, S28, 1
S28, Trade, 258134.033, 118, B26, S28, 1
S28, Trade, 258155.733, 118, B21, S28, 1
S28, Trade, 258165.333, 123, S28, B02, 1
S28, Trade, 258185.150, 97, B05, S28, 1
S28, Trade, 258211.183, 104, B27, S28, 1
S28, Trade, 258218.583, 94, B19, S28, 1
S28, Trade, 258247.650, 119, B11, S28, 1
S28, Trade, 258254.483, 132, B19, S28, 1
S28, Trade, 258275.967, 83, B28, S28, 1
S28, Trade, 258280.783, 140, B14, S28, 1
S28, Trade, 258294.417, 98, B09, S28, 1
S28, Trade, 258313.450, 137, B23, S28, 1
S28, Trade, 258329.250, 137, B00, S28, 1
S28, Trade, 258343.983, 109, B17, S28, 1
S28, Trade, 258349.117, 113, B19, S28, 1
S28, Trade, 258356.533, 105, B19, S28, 1
S28, Trade, 258368.367, 140, B09, S28, 1
S28, Trade, 258384.617, 104, B19, S28, 1
S28, Trade, 258439.950, 118, B26, S28, 1
S28, Trade, 258443.250, 112, B04, S28, 1
S28, Trade, 258456.600, 132, B20, S28, 1
S28, Trade, 258483.883, 114, S28, B04, 1
S28, Trade, 258491.467, 110, B13, S28, 1
S28, Trade, 258496.400, 115, S28, B01, 1
S28, Trade, 258502.983, 132, B09, S28, 1
S28, Trade, 258520.567, 134, S28, B14, 1
S28, Trade, 258560.017, 140, B01, S28, 1
S28, Trade, 258570.400, 135, B20, S28, 1
S28, Trade, 258578.250, 135, B25, S28, 1
S28, Trade, 258590.533, 99, B20, S28, 1
S28, Trade, 258609.950, 140, B23, S28, 1
S28, Trade, 258622.200, 111, S28, B14, 1
S28, Trade, 258662.817, 93, B26, S28, 1
S28, Trade, 258714.033, 113, B29, S28, 1
S28, Trade, 258744.317, 112, B16, S28, 1
S28, Trade, 258764.817, 140, B00, S28, 1
S28, Trade, 258775.950, 139, B20, S28, 1
S28, Trade, 258797.517, 131, S28, B11, 1
S28, Trade, 258804.600, 108, B27, S28, 1
S28, Trade, 258825.217, 119, S28, B23, 1
S28, Trade, 258831.750, 122, B04, S28, 1
S28, Trade, 258844.300, 127, B02, S28, 1
S28, Trade, 258856.933, 110, B18, S28, 1
S28, Trade, 258881.250, 101, S28, B24, 1
S28, Trade, 258914.683, 136, B09, S28, 1
S28, Trade, 258921.700, 135, S28, B01, 1
S28, Trade, 258952.667, 101, B13, S28, 1
S28, Trade, 258963.267, 140, S28, B23, 1
S28, Trade, 258987.433, 125, B19, S28, 1
S28, Trade, 259011.833, 124, B04, S28, 1
S28, Trade, 259014.167, 114, B28, S28, 1
S28, Trade, 259031.683, 131, S28, B11, 1
S28, Trade, 259046.300, 129, B24, S28, 1
S28, Trade, 259051.967, 140, B14, S28, 1
S28, Trade, 259099.983, 132, S28, B23, 1
S28, Trade, 259105.067, 128, S28, B23, 1
S28, Trade, 259111.067, 123, B10, S28, 1
S28, Trade, 259118.367, 126, B09, S28, 1
S28, Trade, 259119.450, 126, B28, S28, 1
S28, Trade, 259151.567, 140, B14, S28, 1
S28, Trade, 259164.917, 120, B03, S28, 1
S28, Trade, 259170.633, 111, S28, B11, 1
S28, Trade, 259176.217, 123, S28, B29, 1
S28, Trade, 259197.033, 140, B23, S28, 1
S29, 100
S29, Trade, 258036.467, 107, S29, B08, 1
S29, Trade, 258043.817, 123, S29, B12, 1
S29, Trade, 258052.517, 117, B11, S29, 1
S29, Trade, 258071.650, 93, S29, B06, 1
S29, Trade, 258085.500, 119, S29, B01, 1
S29, Trade, 258087.183, 103, S29, B03, 1
S29, Trade, 258098.083, 134, B27, S29, 1
S29, Trade, 258105.767, 122, B02, S29, 1
S29, Trade, 258131.333, 140, B23, S29, 1
S29, Trade, 258139.050, 101, S29, B04, 1
S29, Trade, 258151.150, 119, B22, S29, 1
S29, Trade, 258157.017, 139, B14, S29, 1
S29, Trade, 258167.333, 110, S29, B28, 1
S29, Trade, 258175.117, 126, B22, S29, 1
S29, Trade, 258187.800, 140, B00, S29, 1
S29, Trade, 258200.217, 113, B18, S29, 1
S29, Trade, 258219.400, 129, B24, S29, 1
S29, Trade, 258227.050, 138, B14, S29, 1
S29, Trade, 258230.617, 131, S29, B14, 1
S29, Trade, 258247.117, 119, B27, S29, 1
S29, Trade, 258263.500, 113, B28, S29, 1
S29, Trade, 258279.083, 107, B10, S29, 1
S29, Trade, 258283.917, 138, B14, S29, 1
S29, Trade, 258295.067, 128, B04, S29, 1
S29, Trade, 258319.767, 140, B14, S29, 1
S29, Trade, 258329.800, 129, B21, S29, 1
S29, Trade, 258338.217, 129, B28, S29, 1
S29, Trade, 258350.733, 87, B18, S29, 1
S29, Trade, 258363.200, 114, B22, S29, 1
S29, Trade, 258380.950, 135, B06, S29, 1
S29, Trade, 258385.517, 96, B13, S29, 1
S29, Trade, 258402.800, 122, B19, S29, 1
S29, Trade, 258426.633, 116, S29, B23, 1
S29, Trade, 258439.450, 120, B20, S29, 1
S29, Trade, 258460.267, 115, B17, S29, 1
S29, Trade, 258482.183, 133, B25, S29, 1
S29, Trade, 258488.983, 124, B06, S29, 1
S29, Trade, 258496.483, 121, S29, B23, 1
S29, Trade, 258546.383, 118, S29, B24, 1
S29, Trade, 258585.933, 131, B21, S29, 1
S29, Trade, 258611.483, 132, B27, S29, 1
S29, Trade, 258614.833, 109, B08, S29, 1
S29, Trade, 258621.067, 114, S29, B03, 1
S29, Trade, 258627.133, 126, B20, S29, 1
S29, Trade, 258630.600, 120, B26, S29, 1
S29, Trade, 258637.950, 101, S29, B08, 1
S29, Trade, 258642.133, 137, B27, S29, 1
S29, Trade, 258645.883, 127, B27, S29, 1
S29, Trade, 258653.633, 123, B29, S29, 1
S29, Trade, 258663.433, 101, S29, B11, 1
S29, Trade, 258677.783, 131, S29, B01, 1
S29, Trade, 258684.383, 137, B24, S29, 1
S29, Trade, 258700.267, 110, B09, S29, 1
S29, Trade, 258711.467, 119, B16, S29, 1
S29, Trade, 258735.200, 119, B13, S29, 1
S29, Trade, 258753.400, 113, B11, S29, 1
S29, Trade, 258760.300, 98, S29, B03, 1
S29, Trade, 258769.267, 117, B24, S29, 1
S29, Trade, 258770.567, 127, B04, S29, 1
S29, Trade, 258780.850, 117, B20, S29, 1
S29, Trade, 258801.367, 120, B22, S29, 1
S29, Trade, 258802.367, 114, B05, S29, 1
S29, Trade, 258808.367, 116, S29, B08, 1
S29, Trade, 258829.950, 105, B25, S29, 1
S29, Trade, 258836.267, 117, B27, S29, 1
S29, Trade, 258850.850, 113, B21, S29, 1
S29, Trade, 258857.750, 105, B20, S29, 1
S29, Trade, 258865.517, 84, S29, B10, 1
S29, Trade, 258878.617, 108, B05, S29, 1
S29, Trade, 258880.450, 107, B28, S29, 1
S29, Trade, 258897.817, 118, S29, B17, 1
S29, Trade, 258908.917, 100, B09, S29, 1
S29, Trade, 258927.000, 123, S29, B01, 1
S29, Trade, 258944.117, 123, S29, B03, 1
S29, Trade, 258965.017, 108, B18, S29, 1
S29, Trade, 258970.750, 68, S29, B05, 1
S29, Trade, 258973.900, 120, S29, B23, 1
S29, Trade, 258980.483, 90, B00, S29, 1
S29, Trade, 258995.050, 109, B27, S29, 1
S29, Trade, 259001.750, 105, B20, S29, 1
S29, Trade, 259018.350, 88, S29, B01, 1
S29, Trade, 259036.183, 131, S29, B09, 1
S29, Trade, 259042.450, 89, B02, S29, 1
S29, Trade, 259046.650, 119, S29, B20, 1
S29, Trade, 259052.617, 126, B25, S29, 1
S29, Trade, 259065.533, 127, B08, S29, 1
S29, Trade, 259070.417, 115, B00, S29, 1
S29, Trade, 259088.633, 139, B01, S29, 1
S29, Trade, 259093.967, 105, B17, S29, 1
S29, Trade, 259100.583, 118, B09, S29, 1
S29, Trade, 259113.967, 131, S29, B01, 1
S29, Trade, 259119.133, 140, B25, S29, 1
S29, Trade, 259124.083, 140, B25, S29, 1
S29, Trade, 259133.150, 126, B20, S29, 1
S29, Trade, 259134.733, 114, B21, S29, 1
S29, Trade, 259165.317, 140, B14, S29, 1
S29, Trade, 259167.050, 111, B08, S29, 1
S29, Trade, 259176.850, 105, B26, S29, 1
S29, Trade, 259186.567, 121, S29, B11, 1
S29, Trade, 259197.100, 140, B00, S29, 1
